MIN=0	-1	-10
MAX=80	1	10
SCALE=80	0,5	5
DEC=1	3	2
DEF="Time" t / s	"Current" I_A1 / A	"Voltage" U_B1 / V
0	-0,0025	0,02
0,099	-0,0025	0,025
0,2	-0,002	0,02
0,3	-0,002	0,025
0,399	-0,0025	0,02
0,501	-0,002	0,02
0,601	-0,0025	0,02
0,7	-0,002	0,02
0,801	-0,0025	0,02
0,901	-0,0025	0,02
1	-0,002	0,02
1,1	-0,002	0,025
1,2	-0,002	0,025
1,301	-0,002	0,02
1,4	-0,002	0,02
1,501	-0,0025	0,025
1,601	-0,0025	0,025
1,701	-0,002	0,02
1,799	-0,0025	0,02
1,901	-0,0025	0,02
2	-0,0025	0,02
2,1	-0,002	0,02
2,2	-0,0025	0,025
2,301	-0,003	0,03
2,4	-0,003	0,03
2,501	-0,003	0,03
2,602	-0,003	0,03
2,701	-0,003	0,025
2,801	-0,0035	0,035
2,901	-0,004	0,035
3,001	-0,004	0,035
3,099	-0,004	0,035
3,201	-0,0045	0,035
3,301	-0,0045	0,035
3,401	-0,0045	0,045
3,5	-0,005	0,04
3,601	-0,0055	0,04
3,717	-0,005	0,04
3,8	-0,005	0,045
3,901	-0,0055	0,045
4,025	-0,0055	0,05
4,101	-0,0055	0,05
4,201	-0,0055	0,05
4,3	-0,0055	0,05
4,4	-0,005	0,055
4,499	-0,0065	0,05
4,602	-0,007	0,05
4,7	-0,0065	0,055
4,821	-0,0065	0,06
4,901	-0,007	0,055
4,999	-0,007	0,06
5,099	-0,0075	0,06
5,2	-0,0075	0,06
5,301	-0,0075	0,065
5,4	-0,0075	0,065
5,501	-0,0075	0,07
5,602	-0,0085	0,07
5,699	-0,008	0,07
5,8	-0,008	0,07
5,899	-0,009	0,07
6	-0,0095	0,07
6,1	-0,009	0,075
6,2	-0,009	0,075
6,301	-0,0095	0,075
6,401	-0,0095	0,08
6,504	-0,01	0,08
6,602	-0,01	0,085
6,701	-0,01	0,09
6,8	-0,01	0,085
6,9	-0,01	0,08
7	-0,0105	0,085
7,1	-0,0105	0,085
7,2	-0,0105	0,09
7,3	-0,011	0,09
7,4	-0,0115	0,09
7,5	-0,0115	0,095
7,602	-0,0115	0,1
7,739	-0,0125	0,1
7,801	-0,0125	0,1
7,901	-0,012	0,1
7,999	-0,0125	0,1
8,107	-0,0125	0,105
8,2	-0,0125	0,1
8,301	-0,013	0,105
8,4	-0,013	0,105
8,5	-0,013	0,11
8,602	-0,0135	0,11
8,7	-0,014	0,11
8,8	-0,014	0,115
8,9	-0,0145	0,115
9	-0,0135	0,11
9,1	-0,0145	0,115
9,2	-0,0145	0,115
9,3	-0,0145	0,115
9,405	-0,015	0,12
9,499	-0,015	0,12
9,602	-0,015	0,12
9,7	-0,015	0,125
9,8	-0,0155	0,125
9,9	-0,0155	0,125
10	-0,0155	0,125
10,101	-0,016	0,125
10,199	-0,0155	0,13
10,3	-0,016	0,13
10,4	-0,016	0,13
10,5	-0,016	0,13
10,602	-0,016	0,13
10,699	-0,017	0,135
10,799	-0,017	0,135
10,9	-0,017	0,14
11	-0,0175	0,14
11,1	-0,018	0,14
11,199	-0,0175	0,14
11,299	-0,0175	0,14
11,4	-0,018	0,145
11,5	-0,0185	0,15
11,602	-0,019	0,15
11,7	-0,0185	0,15
11,8	-0,0185	0,15
11,9	-0,0195	0,15
11,999	-0,019	0,155
12,1	-0,019	0,15
12,2	-0,019	0,155
12,3	-0,02	0,155
12,401	-0,0195	0,155
12,5	-0,0195	0,16
12,602	-0,02	0,16
12,701	-0,0205	0,165
12,8	-0,0205	0,16
12,9	-0,0205	0,17
13	-0,0205	0,17
13,099	-0,0215	0,17
13,2	-0,0215	0,17
13,3	-0,0215	0,17
13,4	-0,022	0,175
13,5	-0,022	0,17
13,601	-0,0215	0,175
13,7	-0,022	0,17
13,8	-0,022	0,18
13,899	-0,022	0,18
14,001	-0,022	0,175
14,1	-0,022	0,18
14,221	-0,0235	0,18
14,3	-0,023	0,18
14,4	-0,0235	0,185
14,5	-0,0235	0,185
14,602	-0,023	0,19
14,7	-0,024	0,19
14,8	-0,0235	0,19
14,9	-0,024	0,19
15	-0,0245	0,195
15,1	-0,0245	0,195
15,2	-0,0255	0,2
15,299	-0,0245	0,2
15,4	-0,025	0,205
15,541	-0,025	0,2
15,601	-0,025	0,2
15,7	-0,025	0,2
15,801	-0,025	0,2
15,9	-0,025	0,2
16,005	-0,0255	0,2
16,1	-0,026	0,205
16,2	-0,0255	0,205
16,3	-0,026	0,205
16,4	-0,026	0,21
16,499	-0,0265	0,21
16,601	-0,026	0,205
16,7	-0,0265	0,21
16,8	-0,027	0,215
16,899	-0,0275	0,215
17,003	-0,0275	0,215
17,101	-0,0275	0,215
17,201	-0,028	0,22
17,3	-0,0275	0,22
17,4	-0,028	0,22
17,508	-0,028	0,22
17,601	-0,028	0,225
17,7	-0,029	0,23
17,801	-0,0285	0,23
17,901	-0,029	0,23
18,005	-0,03	0,235
18,101	-0,0305	0,23
18,201	-0,0295	0,235
18,301	-0,0295	0,24
18,401	-0,03	0,24
18,5	-0,0305	0,24
18,601	-0,031	0,24
18,701	-0,0305	0,24
18,8	-0,031	0,245
18,901	-0,0305	0,24
19,001	-0,031	0,245
19,1	-0,0315	0,245
19,201	-0,031	0,245
19,3	-0,031	0,245
19,401	-0,0315	0,25
19,499	-0,0325	0,255
19,625	-0,033	0,26
19,701	-0,0325	0,255
19,801	-0,033	0,26
19,9	-0,0335	0,26
20,001	-0,0335	0,26
20,1	-0,0335	0,26
20,201	-0,033	0,26
20,312	-0,033	0,26
20,401	-0,033	0,26
20,501	-0,0335	0,26
20,601	-0,033	0,265
20,72	-0,033	0,26
20,801	-0,033	0,26
20,9	-0,0335	0,265
21,001	-0,0335	0,26
21,101	-0,033	0,26
21,201	-0,033	0,26
21,301	-0,0335	0,26
21,401	-0,033	0,265
21,501	-0,0335	0,26
21,601	-0,0335	0,265
21,699	-0,0335	0,26
21,801	-0,033	0,26
21,9	-0,033	0,26
22,001	-0,0335	0,26
22,1	-0,033	0,26
22,201	-0,034	0,26
22,301	-0,033	0,26
22,404	-0,033	0,26
22,5	-0,0335	0,26
22,633	-0,033	0,255
22,701	-0,033	0,255
22,801	-0,033	0,255
22,901	-0,033	0,255
23,001	-0,033	0,255
23,101	-0,033	0,26
23,222	-0,033	0,26
23,305	-0,033	0,255
23,4	-0,0335	0,255
23,501	-0,034	0,255
23,601	-0,0335	0,26
23,708	-0,034	0,26
23,806	-0,0335	0,255
23,901	-0,0335	0,255
24	-0,0335	0,255
24,1	-0,033	0,255
24,2	-0,0335	0,255
24,301	-0,033	0,26
24,401	-0,033	0,255
24,501	-0,033	0,255
24,601	-0,033	0,255
24,7	-0,033	0,26
24,801	-0,033	0,255
24,9	-0,0335	0,255
25,001	-0,033	0,255
25,1	-0,0335	0,26
25,201	-0,0335	0,26
25,301	-0,0335	0,26
25,401	-0,0335	0,255
25,503	-0,034	0,255
25,601	-0,0335	0,255
25,701	-0,033	0,255
25,8	-0,033	0,26
25,901	-0,0335	0,26
26,001	-0,033	0,255
26,1	-0,0335	0,255
26,201	-0,033	0,255
26,3	-0,033	0,26
26,401	-0,0335	0,255
26,502	-0,033	0,255
26,602	-0,033	0,255
26,701	-0,033	0,255
26,801	-0,033	0,255
26,901	-0,034	0,255
27,001	-0,034	0,255
27,101	-0,0335	0,26
27,2	-0,033	0,255
27,301	-0,034	0,255
27,399	-0,034	0,255
27,501	-0,033	0,255
27,615	-0,0335	0,26
27,7	-0,0335	0,255
27,8	-0,0335	0,255
27,901	-0,0335	0,255
28,001	-0,033	0,255
28,1	-0,0335	0,26
28,199	-0,033	0,255
28,301	-0,0335	0,255
28,399	-0,0335	0,255
28,501	-0,033	0,255
28,601	-0,034	0,255
28,7	-0,033	0,255
28,8	-0,033	0,255
28,9	-0,034	0,255
29	-0,033	0,255
29,1	-0,0325	0,25
29,2	-0,0325	0,25
29,31	-0,0325	0,25
29,4	-0,0325	0,245
29,5	-0,032	0,24
29,601	-0,032	0,24
29,7	-0,031	0,245
29,8	-0,032	0,24
29,899	-0,0315	0,24
30	-0,0315	0,24
30,1	-0,0315	0,245
30,2	-0,0315	0,245
30,3	-0,031	0,24
30,4	-0,031	0,245
30,5	-0,031	0,24
30,601	-0,032	0,245
30,7	-0,031	0,245
30,8	-0,031	0,245
30,9	-0,032	0,24
31	-0,032	0,245
31,139	-0,0315	0,24
31,2	-0,0315	0,245
31,3	-0,0315	0,25
31,399	-0,0325	0,255
31,5	-0,033	0,255
31,601	-0,033	0,26
31,714	-0,0335	0,26
31,815	-0,0335	0,255
31,899	-0,033	0,26
31,999	-0,033	0,255
32,1	-0,034	0,26
32,2	-0,033	0,26
32,3	-0,033	0,26
32,402	-0,0335	0,255
32,499	-0,0335	0,26
32,601	-0,0335	0,26
32,7	-0,0335	0,26
32,8	-0,033	0,26
32,9	-0,034	0,255
33	-0,034	0,255
33,1	-0,033	0,255
33,2	-0,0335	0,255
33,301	-0,033	0,26
33,401	-0,0335	0,255
33,5	-0,0335	0,255
33,601	-0,033	0,26
33,7	-0,0335	0,255
33,8	-0,0335	0,26
33,9	-0,0335	0,255
34	-0,033	0,255
34,1	-0,034	0,255
34,201	-0,033	0,255
34,301	-0,0335	0,255
34,422	-0,0335	0,255
34,501	-0,0335	0,255
34,601	-0,0335	0,255
34,705	-0,0335	0,255
34,8	-0,033	0,26
34,9	-0,033	0,25
35,001	-0,034	0,255
35,111	-0,0335	0,26
35,201	-0,033	0,255
35,302	-0,0335	0,255
35,401	-0,0325	0,25
35,5	-0,0335	0,255
35,601	-0,0335	0,255
35,701	-0,0335	0,255
35,801	-0,0335	0,26
35,901	-0,033	0,26
36,001	-0,0335	0,255
36,101	-0,033	0,26
36,201	-0,0335	0,255
36,301	-0,0335	0,255
36,401	-0,0335	0,255
36,501	-0,033	0,26
36,601	-0,033	0,255
36,701	-0,033	0,26
36,801	-0,033	0,255
36,901	-0,0335	0,255
37	-0,0335	0,26
37,101	-0,0335	0,255
37,201	-0,033	0,255
37,301	-0,033	0,255
37,401	-0,034	0,26
37,501	-0,034	0,26
37,601	-0,0335	0,255
37,701	-0,033	0,26
37,823	-0,0335	0,255
37,901	-0,033	0,26
38,012	-0,0335	0,255
38,148	-0,033	0,26
38,239	-0,033	0,255
38,3	-0,0335	0,255
38,401	-0,034	0,255
38,51	-0,033	0,255
38,601	-0,033	0,255
38,701	-0,0335	0,26
38,801	-0,033	0,255
38,901	-0,033	0,255
39,001	-0,0335	0,255
39,101	-0,033	0,255
39,201	-0,0335	0,26
39,301	-0,0335	0,255
39,403	-0,034	0,26
39,5	-0,0335	0,255
39,62	-0,0335	0,255
39,7	-0,0335	0,255
39,801	-0,033	0,255
39,92	-0,033	0,255
40,001	-0,0335	0,255
40,134	-0,034	0,255
40,201	-0,0335	0,255
40,301	-0,0335	0,255
40,4	-0,033	0,255
40,513	-0,033	0,255
40,601	-0,0335	0,255
40,701	-0,0335	0,26
40,801	-0,0325	0,26
40,9	-0,033	0,25
41,001	-0,033	0,26
41,101	-0,033	0,255
41,201	-0,0335	0,255
41,306	-0,033	0,255
41,4	-0,033	0,255
41,501	-0,033	0,255
41,601	-0,033	0,255
41,701	-0,0335	0,26
41,801	-0,0335	0,26
41,9	-0,033	0,255
42,001	-0,033	0,255
42,101	-0,033	0,26
42,201	-0,0335	0,255
42,301	-0,033	0,255
42,401	-0,0335	0,255
42,5	-0,033	0,255
42,601	-0,0335	0,255
42,701	-0,033	0,26
42,8	-0,034	0,26
42,901	-0,033	0,255
43,001	-0,033	0,255
43,101	-0,033	0,255
43,201	-0,033	0,255
43,301	-0,0335	0,255
43,401	-0,0335	0,26
43,501	-0,033	0,255
43,602	-0,034	0,26
43,701	-0,033	0,255
43,801	-0,033	0,255
43,901	-0,0335	0,26
44,001	-0,0335	0,255
44,101	-0,033	0,26
44,201	-0,0335	0,255
44,301	-0,0335	0,255
44,401	-0,0335	0,26
44,501	-0,034	0,26
44,601	-0,033	0,255
44,701	-0,033	0,255
44,801	-0,034	0,26
44,907	-0,0335	0,26
45,005	-0,033	0,255
45,101	-0,033	0,255
45,201	-0,034	0,26
45,301	-0,0335	0,255
45,401	-0,0335	0,26
45,501	-0,0335	0,255
45,601	-0,0335	0,26
45,719	-0,0335	0,255
45,8	-0,033	0,255
45,902	-0,033	0,255
46,001	-0,0335	0,26
46,101	-0,0335	0,26
46,201	-0,034	0,26
46,337	-0,033	0,26
46,401	-0,0335	0,26
46,501	-0,033	0,26
46,612	-0,033	0,255
46,717	-0,033	0,255
46,801	-0,0335	0,255
46,901	-0,0335	0,255
47,001	-0,0325	0,255
47,101	-0,033	0,255
47,2	-0,033	0,255
47,3	-0,0335	0,255
47,4	-0,0335	0,255
47,501	-0,0335	0,255
47,601	-0,033	0,26
47,701	-0,033	0,26
47,801	-0,0335	0,26
47,901	-0,0335	0,255
48,001	-0,0335	0,255
48,101	-0,0335	0,255
48,201	-0,033	0,255
48,301	-0,033	0,255
48,401	-0,032	0,25
48,5	-0,032	0,25
48,601	-0,0325	0,25
48,7	-0,0315	0,245
48,801	-0,0315	0,245
48,901	-0,0315	0,24
49,001	-0,031	0,24
49,1	-0,031	0,24
49,201	-0,0315	0,24
49,301	-0,031	0,235
49,4	-0,0305	0,235
49,5	-0,0305	0,235
49,602	-0,03	0,235
49,701	-0,031	0,235
49,8	-0,03	0,23
49,901	-0,03	0,23
50,001	-0,031	0,23
50,113	-0,0305	0,235
50,201	-0,031	0,235
50,301	-0,0295	0,23
50,401	-0,029	0,23
50,501	-0,0295	0,23
50,601	-0,0295	0,23
50,7	-0,0295	0,23
50,8	-0,0295	0,225
50,9	-0,029	0,225
51,001	-0,029	0,225
51,099	-0,0295	0,225
51,2	-0,029	0,225
51,299	-0,029	0,225
51,4	-0,029	0,22
51,501	-0,029	0,22
51,601	-0,029	0,22
51,7	-0,0285	0,22
51,823	-0,0285	0,22
51,901	-0,028	0,22
52,001	-0,028	0,215
52,11	-0,028	0,215
52,201	-0,0275	0,215
52,301	-0,0275	0,215
52,401	-0,027	0,21
52,5	-0,027	0,21
52,601	-0,027	0,21
52,701	-0,0265	0,205
52,8	-0,0265	0,21
52,901	-0,0265	0,205
53,001	-0,026	0,21
53,101	-0,026	0,205
53,206	-0,026	0,2
53,301	-0,026	0,195
53,4	-0,0255	0,205
53,513	-0,0255	0,195
53,601	-0,025	0,195
53,701	-0,0245	0,195
53,801	-0,0245	0,19
53,901	-0,0245	0,19
54,001	-0,0245	0,185
54,1	-0,0245	0,185
54,201	-0,0235	0,185
54,301	-0,0225	0,18
54,401	-0,0225	0,185
54,501	-0,022	0,175
54,601	-0,022	0,175
54,701	-0,0215	0,175
54,801	-0,0215	0,17
54,901	-0,0215	0,17
55,009	-0,0215	0,17
55,101	-0,0215	0,17
55,201	-0,021	0,165
55,301	-0,0205	0,165
55,401	-0,0205	0,165
55,501	-0,021	0,165
55,601	-0,021	0,165
55,7	-0,021	0,165
55,807	-0,021	0,16
55,901	-0,02	0,16
56	-0,019	0,15
56,101	-0,0185	0,15
56,2	-0,0185	0,145
56,3	-0,018	0,14
56,401	-0,018	0,14
56,524	-0,0175	0,14
56,666	-0,018	0,135
56,708	-0,018	0,14
56,807	-0,017	0,135
56,906	-0,0165	0,13
57	-0,0165	0,13
57,1	-0,016	0,125
57,242	-0,0155	0,12
57,3	-0,0145	0,115
57,4	-0,0145	0,115
57,5	-0,014	0,11
57,6	-0,014	0,11
57,704	-0,0135	0,11
57,8	-0,013	0,105
57,899	-0,0125	0,1
57,999	-0,0125	0,1
58,1	-0,012	0,1
58,2	-0,0125	0,095
58,346	-0,0125	0,1
58,4	-0,012	0,095
58,513	-0,011	0,09
58,61	-0,011	0,09
58,7	-0,0105	0,085
58,826	-0,011	0,085
58,9	-0,0095	0,08
59,019	-0,009	0,08
59,1	-0,009	0,07
59,2	-0,0095	0,075
59,3	-0,0095	0,075
59,411	-0,0095	0,075
59,5	-0,009	0,07
59,609	-0,008	0,06
59,724	-0,007	0,05
59,815	-0,0065	0,05
59,9	-0,006	0,05
60	-0,005	0,04
60,103	-0,0045	0,04
60,2	-0,0045	0,04
60,3	-0,004	0,03
60,399	-0,004	0,035
60,499	-0,004	0,035
60,601	-0,003	0,025
60,701	-0,0025	0,02
60,8	-0,0015	0,02
60,903	-0,002	0,02
61	-0,0025	0,02
61,1	-0,002	0,02
61,209	-0,003	0,02
61,3	-0,003	0,025
61,4	-0,003	0,02
61,5	-0,0025	0,02
61,601	-0,002	0,02
61,699	-0,003	0,02
61,8	-0,003	0,02
61,9	-0,002	0,015
62	-0,002	0,02
62,1	-0,002	0,02
62,219	-0,0025	0,02
62,299	-0,002	0,02
62,405	-0,0025	0,02
62,5	-0,0025	0,02
62,601	-0,002	0,02
62,709	-0,0025	0,02
62,8	-0,002	0,02
62,9	-0,002	0,025
63	-0,002	0,02
63,099	-0,0025	0,02
63,206	-0,0025	0,02
63,3	-0,0025	0,02
63,4	-0,0025	0,02
63,5	-0,0025	0,025
63,601	-0,0025	0,02
63,7	-0,0025	0,02
63,8	-0,002	0,02
63,9	-0,002	0,025
64	-0,0025	0,025
64,1	-0,002	0,02
64,2	-0,0015	0,025
64,3	-0,0025	0,02
64,4	-0,0025	0,025
64,5	-0,002	0,02
64,6	-0,002	0,025
64,699	-0,0025	0,025
64,8	-0,0025	0,02
64,9	-0,002	0,02
65	-0,002	0,02
65,1	-0,0025	0,02
