MIN=0	-1000	-10
MAX=40	1000	10
SCALE=40	500	5
DEC=1	0	2
DEF="Time" t / s	"Magn. flux density" B_A1 / mT	"Voltage" U_B1 / V
0	0,5	0,1
0,099	0,5	0,095
0,2	0,5	0,095
0,3	0,5	0,095
0,401	0,5	0,095
0,5	0,5	0,095
0,6	0,5	0,1
0,7	0,5	0,1
0,801	0,5	0,105
0,9	0	0,1
1	0,5	0,1
1,1	0,5	0,1
1,201	0,5	0,1
1,299	0,5	0,095
1,401	0	0,1
1,5	0,5	0,09
1,601	0,5	0,095
1,7	0	0,095
1,801	0,5	0,1
1,913	0,5	0,1
1,999	0,5	0,095
2,101	0,5	0,095
2,201	0,5	0,095
2,301	0,5	0,095
2,401	0	0,1
2,501	0	0,1
2,601	1,5	0,1
2,701	2	0,095
2,801	2,5	0,1
2,901	4	0,1
3,001	3,5	0,1
3,101	3,5	0,09
3,199	4,5	0,1
3,301	5	0,095
3,401	5,5	0,095
3,5	6,5	0,1
3,601	7,5	0,095
3,701	7,5	0,1
3,801	8,5	0,1
3,901	8,5	0,095
4	8,5	0,095
4,101	8,5	0,095
4,201	9,5	0,095
4,301	8,5	0,095
4,4	10	0,095
4,501	12	0,095
4,601	12	0,1
4,701	12	0,1
4,801	12	0,095
4,901	12	0,095
5,001	12	0,095
5,101	13	0,095
5,201	13,5	0,1
5,301	13,5	0,095
5,426	14	0,095
5,526	14	0,1
5,601	15	0,095
5,699	15,5	0,095
5,801	16	0,095
5,901	16,5	0,095
6	17	0,095
6,101	17,5	0,09
6,201	17,5	0,095
6,301	17,5	0,1
6,401	18	0,095
6,501	19	0,1
6,603	19,5	0,095
6,7	20	0,1
6,801	20,5	0,095
6,901	21	0,095
7,001	22	0,095
7,105	22	0,095
7,2	22,5	0,095
7,3	23,5	0,095
7,401	23,5	0,095
7,501	24	0,1
7,601	24	0,095
7,7	25	0,1
7,801	25	0,095
7,9	25,5	0,095
8	25,5	0,095
8,101	26,5	0,095
8,201	27,5	0,095
8,301	28	0,095
8,401	28	0,095
8,501	28	0,095
8,6	28,5	0,095
8,701	28,5	0,095
8,827	29,5	0,095
8,903	30	0,095
9,016	30	0,095
9,1	30,5	0,095
9,201	30,5	0,095
9,301	32	0,095
9,4	32	0,095
9,527	33	0,095
9,602	33	0,09
9,7	34	0,095
9,801	35	0,095
9,901	37	0,095
10,001	37,5	0,095
10,113	37,5	0,095
10,201	37,5	0,095
10,299	38,5	0,095
10,4	41,5	0,095
10,51	43,5	0,09
10,601	46,5	0,095
10,701	48,5	0,09
10,8	49,5	0,09
10,899	51	0,09
11,026	54,5	0,095
11,108	56	0,095
11,2	56,5	0,095
11,301	57,5	0,095
11,4	60	0,09
11,5	63	0,09
11,605	65	0,09
11,7	65,5	0,095
11,8	65,5	0,09
11,9	65,5	0,09
12	65,5	0,09
12,1	64	0,095
12,2	64	0,09
12,301	66	0,095
12,4	67	0,095
12,5	68	0,095
12,6	69,5	0,095
12,7	70,5	0,09
12,8	71,5	0,09
12,906	73,5	0,095
13,026	75	0,09
13,111	73	0,09
13,2	77	0,09
13,3	77,5	0,095
13,4	78	0,09
13,5	79,5	0,09
13,6	81,5	0,095
13,699	82	0,09
13,8	84	0,09
13,899	84	0,09
14	84,5	0,09
14,104	86,5	0,09
14,2	86	0,09
14,3	87	0,09
14,4	87	0,09
14,5	88	0,09
14,601	88	0,09
14,7	88,5	0,095
14,817	90,5	0,09
14,907	91,5	0,09
14,999	91,5	0,095
15,099	92,5	0,09
15,2	93,5	0,09
15,301	94,5	0,09
15,4	94,5	0,09
15,508	96,5	0,09
15,6	97	0,09
15,7	97,5	0,085
15,81	97,5	0,09
15,9	98	0,095
16	99,5	0,09
16,1	99,5	0,09
16,229	101	0,09
16,3	101,5	0,09
16,4	102	0,09
16,5	102,5	0,095
16,599	104,5	0,095
16,723	104,5	0,095
16,801	104,5	0,095
16,9	104,5	0,09
17,001	104,5	0,09
17,101	104,5	0,09
17,2	104	0,09
17,301	104,5	0,09
17,4	104,5	0,09
17,501	104,5	0,09
17,599	104,5	0,09
17,723	104,5	0,09
17,801	104,5	0,09
17,901	104,5	0,09
18,001	104,5	0,09
18,1	104,5	0,09
18,2	104,5	0,09
18,304	104,5	0,085
18,401	104,5	0,09
18,5	104,5	0,09
18,601	104	0,09
18,701	104,5	0,09
18,801	104,5	0,09
18,901	104,5	0,085
19	104,5	0,09
19,101	104	0,09
19,201	104,5	0,09
19,301	104,5	0,09
19,401	105	0,09
19,5	106	0,09
19,6	107	0,09
19,701	108	0,095
19,801	110	0,09
19,901	110,5	0,09
20,001	110,5	0,09
20,101	112	0,09
20,201	112	0,09
20,301	113	0,09
20,401	113,5	0,09
20,5	114	0,09
20,6	116	0,09
20,701	117	0,095
20,801	117,5	0,09
20,901	119	0,09
21,001	119	0,09
21,101	120	0,09
21,201	120,5	0,09
21,3	121	0,09
21,4	121,5	0,09
21,5	122	0,09
21,6	124	0,09
21,701	124,5	0,09
21,801	125	0,09
21,926	125,5	0,09
22,001	126	0,09
22,1	128	0,085
22,201	128,5	0,095
22,301	128,5	0,09
22,401	129,5	0,09
22,501	129,5	0,09
22,601	131	0,09
22,707	132	0,09
22,802	132	0,09
22,901	133	0,09
23,001	133	0,09
23,101	134,5	0,09
23,201	135,5	0,09
23,3	136	0,09
23,401	138	0,085
23,501	139,5	0,085
23,6	139,5	0,09
23,701	140,5	0,09
23,801	141,5	0,09
23,908	142	0,09
24,001	142,5	0,09
24,101	143,5	0,085
24,2	143,5	0,09
24,301	144	0,09
24,401	145	0,085
24,501	146	0,09
24,601	146,5	0,085
24,701	147,5	0,09
24,801	148	0,09
24,901	149	0,085
25,001	149	0,09
25,1	151	0,085
25,203	152	0,085
25,301	155	0,09
25,401	155	0,085
25,501	155,5	0,09
25,601	157	0,085
25,701	157	0,085
25,8	157,5	0,085
25,901	158,5	0,085
26,001	158,5	0,09
26,101	159,5	0,09
26,207	161,5	0,09
26,301	162,5	0,085
26,401	163,5	0,085
26,501	165	0,085
26,601	165,5	0,08
26,701	165,5	0,085
26,8	165,5	0,085
26,901	166,5	0,09
27,001	166,5	0,085
27,1	167	0,09
27,207	169	0,085
27,301	169,5	0,09
27,4	169,5	0,085
27,501	169,5	0,085
27,601	170	0,085
27,701	166,5	0,09
27,801	171,5	0,085
27,9	171	0,085
28,001	171	0,085
28,101	171	0,085
28,201	171	0,085
28,301	171	0,085
28,401	171	0,085
28,5	171	0,085
28,601	171	0,085
28,701	171,5	0,09
28,801	171	0,085
28,901	171	0,09
29,001	171,5	0,09
29,101	171,5	0,085
29,201	171	0,085
29,3	171	0,09
29,401	171	0,085
29,5	171	0,085
29,601	171	0,085
29,701	171	0,085
29,823	171,5	0,09
29,917	171,5	0,09
30,001	171	0,09
30,101	171,5	0,09
30,201	171	0,09
30,301	171	0,085
30,4	171	0,085
30,5	171	0,085
30,602	171,5	0,085
30,701	171	0,09
30,801	171	0,085
30,901	171	0,085
31	171	0,09
31,101	171,5	0,085
31,201	171	0,09
31,301	171	0,085
31,4	171,5	0,09
31,501	171,5	0,09
31,601	171	0,09
31,7	171,5	0,085
31,801	171	0,085
31,901	171	0,08
32,001	171	0,085
32,101	171	0,085
32,206	171	0,09
32,301	171	0,085
32,401	171,5	0,09
32,501	171	0,085
32,601	171	0,09
32,721	171	0,085
32,8	171	0,085
32,9	171,5	0,09
33,001	171	0,085
33,101	171	0,085
33,2	171	0,085
33,301	171	0,085
33,4	171	0,085
33,501	171	0,085
33,6	171	0,085
33,701	171	0,09
33,8	171	0,09
33,9	171	0,085
34,001	171	0,09
34,101	171	0,085
34,201	170,5	0,085
34,3	170	0,085
34,4	170	0,09
34,501	170	0,085
34,601	169,5	0,09
34,7	169	0,085
34,813	168	0,085
34,9	168	0,09
35	167,5	0,085
35,101	167,5	0,085
35,206	167,5	0,09
