0.000000	-146.200000	0.000000
1.000000	-146.200000	0.000447
2.000000	-146.200000	0.000445
3.000000	-146.200000	0.000443
4.000000	-32.020000	0.000688
5.000000	-31.760000	0.000695
6.000000	-31.760000	0.000695
7.000000	-31.470000	0.000704
8.000000	-31.470000	0.000704
9.000000	-31.480000	0.000702
10.000000	-31.480000	0.000702
11.000000	-31.470000	0.000702
12.000000	-31.470000	0.000702
13.000000	-31.460000	0.000702
14.000000	-31.460000	0.000702
15.000000	-31.460000	0.000702
16.000000	-31.460000	0.000702
17.000000	-31.460000	0.000702
18.000000	-31.460000	0.000702
19.000000	-31.420000	0.000701
20.000000	-31.420000	0.000701
21.000000	-31.420000	0.000701
22.000000	-31.420000	0.000701
23.000000	-35.100000	0.000576
24.000000	-35.100000	0.000576
25.000000	-34.230000	0.000610
26.000000	-34.230000	0.000610
27.000000	-34.230000	0.000610
28.000000	-34.230000	0.000610
29.000000	-74.900000	0.000354
30.000000	-74.900000	0.000354
31.000000	-74.900000	0.000354
32.000000	-74.900000	0.000354
33.000000	-74.900000	0.000354
34.000000	-74.900000	0.000354
35.000000	-74.900000	0.000354
36.000000	-74.900000	0.000354
37.000000	-74.900000	0.000354
38.000000	-74.900000	0.000354
39.000000	-54.500000	2.430000E-5
40.000000	-54.500000	2.430000E-5
41.000000	-54.500000	2.430000E-5
42.000000	-54.500000	2.430000E-5
43.000000	-54.900000	2.200000E-5
44.000000	-54.900000	2.200000E-5
45.000000	-54.900000	2.200000E-5
46.000000	-54.900000	2.200000E-5
47.000000	-53.100000	5.840000E-5
48.000000	-53.100000	5.840000E-5
49.000000	-53.100000	5.840000E-5
50.000000	-53.100000	5.840000E-5
51.000000	-53.100000	5.840000E-5
52.000000	-53.100000	5.840000E-5
53.000000	-45.200000	0.000262
54.000000	-45.200000	0.000262
55.000000	-45.200000	0.000262
56.000000	-45.200000	0.000262
57.000000	-37.300000	0.000495
58.000000	-37.300000	0.000495
59.000000	-35.300000	0.000601
60.000000	-35.300000	0.000601
61.000000	-34.150000	0.000600
62.000000	-34.150000	0.000600
63.000000	-36.540000	0.000525
64.000000	-36.540000	0.000525
65.000000	-37.530000	0.000487
66.000000	-37.530000	0.000487
67.000000	-39.450000	0.000425
68.000000	-39.450000	0.000425
69.000000	-40.400000	0.000391
70.000000	-40.400000	0.000391
71.000000	-41.300000	0.000360
72.000000	-41.300000	0.000360
73.000000	-42.100000	0.000332
74.000000	-42.100000	0.000332
75.000000	-42.100000	0.000332
76.000000	-42.100000	0.000332
77.000000	-43.700000	0.000275
78.000000	-43.700000	0.000275
79.000000	-43.700000	0.000275
80.000000	-43.700000	0.000275
81.000000	-46.300000	0.000211
82.000000	-46.300000	0.000211
83.000000	-46.300000	0.000211
84.000000	-46.300000	0.000211
85.000000	-46.300000	0.000211
86.000000	-46.300000	0.000211
87.000000	-49.300000	0.000123
88.000000	-49.300000	0.000123
89.000000	-50.600000	0.000102
90.000000	-50.600000	0.000102
91.000000	-50.600000	0.000102
92.000000	-50.600000	0.000102
93.000000	-50.700000	0.000116
94.000000	-50.700000	0.000116
95.000000	-50.700000	0.000116
96.000000	-50.700000	0.000116
97.000000	-50.700000	0.000116
98.000000	-50.700000	0.000116
99.000000	-46.600000	0.000231
100.000000	-46.600000	0.000231
101.000000	-46.600000	0.000231
102.000000	-46.600000	0.000231
103.000000	-42.300000	0.000339
104.000000	-42.300000	0.000339
105.000000	-42.300000	0.000339
106.000000	-41.400000	0.000353
107.000000	-42.100000	0.000325
108.000000	-43.200000	0.000297
109.000000	-44.200000	0.000263
110.000000	-44.200000	0.000263
111.000000	-46.400000	0.000194
112.000000	-47.700000	0.000168
113.000000	-49.500000	0.000128
114.000000	-50.400000	0.000103
115.000000	-50.400000	0.000103
116.000000	-51.900000	7.180000E-5
117.000000	-51.900000	7.180000E-5
118.000000	-53.900000	3.300000E-5
119.000000	-54.800000	2.050000E-5
120.000000	-54.800000	2.050000E-5
121.000000	-56.100000	4.600000E-6
122.000000	-57.200000	-1.800000E-6
123.000000	-57.900000	-4.100000E-6
124.000000	-57.900000	-4.100000E-6
125.000000	-58.800000	-7.500000E-6
126.000000	-59.200000	-8.200000E-6
127.000000	-59.400000	-9.000000E-6
128.000000	-60.000000	-1.030000E-5
129.000000	-60.000000	-1.030000E-5
130.000000	-61.300000	-1.220000E-5
131.000000	-62.300000	-1.340000E-5
132.000000	-62.300000	-1.340000E-5
133.000000	-64.500000	-1.480000E-5
134.000000	-66.200000	-1.560000E-5
135.000000	-66.200000	-1.560000E-5
136.000000	-68.600000	-1.660000E-5
137.000000	-69.400000	-1.700000E-5
138.000000	-70.200000	-1.750000E-5
139.000000	-70.200000	-1.750000E-5
140.000000	-72.100000	-1.800000E-5
141.000000	-73.300000	-1.860000E-5
142.000000	-73.300000	-1.860000E-5
143.000000	-75.600000	-1.950000E-5
144.000000	-77.000000	-1.990000E-5
145.000000	-77.900000	-2.030000E-5
146.000000	-79.000000	-2.070000E-5
147.000000	-79.700000	-2.100000E-5
148.000000	-80.800000	-2.130000E-5
149.000000	-82.200000	-2.170000E-5
150.000000	-83.000000	-2.210000E-5
151.000000	-84.300000	-2.240000E-5
152.000000	-85.300000	-2.280000E-5
153.000000	-86.500000	-2.310000E-5
154.000000	-87.400000	-2.340000E-5
155.000000	-88.500000	-2.370000E-5
156.000000	-89.300000	-2.390000E-5
157.000000	-90.300000	-2.430000E-5
158.000000	-90.300000	-2.430000E-5
159.000000	-91.900000	-2.470000E-5
160.000000	-93.000000	-2.500000E-5
161.000000	-93.900000	-2.530000E-5
162.000000	-94.700000	-2.560000E-5
163.000000	-95.700000	-2.590000E-5
164.000000	-97.400000	-2.630000E-5
165.000000	-98.700000	-2.660000E-5
166.000000	-99.600000	-2.690000E-5
167.000000	-101.200000	-2.730000E-5
168.000000	-102.600000	-2.770000E-5
169.000000	-103.500000	-2.800000E-5
170.000000	-104.300000	-2.830000E-5
171.000000	-105.500000	-2.860000E-5
172.000000	-106.700000	-2.890000E-5
173.000000	-107.700000	-2.920000E-5
174.000000	-107.700000	-2.920000E-5
175.000000	-109.800000	-2.970000E-5
176.000000	-111.200000	-3.000000E-5
177.000000	-112.100000	-3.030000E-5
178.000000	-113.600000	-3.060000E-5
179.000000	-115.100000	-3.090000E-5
180.000000	-116.500000	-3.140000E-5
181.000000	-117.500000	-3.170000E-5
182.000000	-118.700000	-3.200000E-5
183.000000	-119.900000	-3.230000E-5
184.000000	-120.900000	-3.250000E-5
185.000000	-121.900000	-3.270000E-5
186.000000	-123.800000	-3.310000E-5
187.000000	-124.900000	-3.350000E-5
188.000000	-125.700000	-3.380000E-5
189.000000	-127.000000	-3.400000E-5
190.000000	-128.100000	-3.430000E-5
191.000000	-129.000000	-3.450000E-5
192.000000	-130.000000	-3.470000E-5
193.000000	-131.100000	-3.490000E-5
194.000000	-132.800000	-3.530000E-5
195.000000	-134.500000	-3.570000E-5
196.000000	-136.700000	-3.620000E-5
197.000000	-138.200000	-3.650000E-5
198.000000	-139.300000	-3.680000E-5
199.000000	-140.700000	-3.710000E-5
200.000000	-141.800000	-3.740000E-5
201.000000	-143.200000	-3.760000E-5
202.000000	-144.300000	-3.790000E-5
203.000000	-145.700000	-3.820000E-5
204.000000	-147.100000	-3.840000E-5
205.000000	-148.300000	-3.880000E-5
206.000000	-149.300000	-3.900000E-5
207.000000	-150.400000	-3.920000E-5
208.000000	-96.300000	-2.840000E-5
209.000000	-83.500000	-2.220000E-5
210.000000	-75.800000	-1.940000E-5
211.000000	-75.800000	-1.940000E-5
212.000000	-63.100000	-1.410000E-5
213.000000	-63.100000	-1.410000E-5
214.000000	-53.500000	0.000110
215.000000	-43.900000	0.000310
216.000000	-43.900000	0.000310
217.000000	-43.900000	0.000310
218.000000	-39.040000	0.000443
220.000000	-43.500000	0.000315
221.000000	-43.500000	0.000315
222.000000	-43.500000	0.000315
223.000000	-43.500000	0.000315
224.000000	-35.800000	0.000570
