MIN=0	-10	-10
MAX=640	10	10
SCALE=640	5	5
DEC=1	2	2
DEF="Time" t / s	"Voltage" U_B1 / V	"Voltage" U_A1 / V
0	0,39	0,195
0,099	0,39	0,195
0,199	0,39	0,195
0,3	0,395	0,195
0,4	0,39	0,195
0,5	0,39	0,195
0,6	0,39	0,2
0,7	0,39	0,2
0,8	0,39	0,195
0,9	0,39	0,2
0,999	0,39	0,195
1,099	0,39	0,195
1,199	0,39	0,195
1,3	0,39	0,195
1,399	0,39	0,2
1,5	0,39	0,2
1,6	0,39	0,2
1,699	0,39	0,2
1,799	0,39	0,2
1,9	0,39	0,2
2	0,39	0,195
2,099	0,39	0,195
2,2	0,39	0,195
2,3	0,39	0,195
2,399	0,39	0,195
2,5	0,39	0,2
2,6	0,39	0,195
2,713	0,395	0,2
2,8	0,39	0,195
2,899	0,39	0,195
3	0,39	0,2
3,1	0,39	0,195
3,2	0,39	0,195
3,3	0,39	0,195
3,4	0,39	0,195
3,5	0,39	0,195
3,601	0,395	0,195
3,7	0,39	0,2
3,8	0,39	0,195
3,901	0,395	0,195
3,999	0,39	0,195
4,1	0,39	0,2
4,2	0,39	0,2
4,3	0,385	0,195
4,4	0,395	0,2
4,5	0,39	0,2
4,6	0,39	0,195
4,718	0,39	0,2
4,811	0,39	0,195
4,9	0,39	0,195
5,001	0,395	0,195
5,1	0,39	0,2
5,2	0,395	0,2
5,3	0,395	0,195
5,403	0,4	0,2
5,5	0,4	0,2
5,599	0,4	0,195
5,7	0,4	0,195
5,8	0,4	0,2
5,9	0,4	0,195
6	0,4	0,2
6,1	0,41	0,2
6,201	0,405	0,2
6,3	0,405	0,195
6,4	0,41	0,195
6,499	0,41	0,195
6,599	0,405	0,2
6,7	0,415	0,195
6,8	0,41	0,195
6,9	0,41	0,2
7	0,415	0,195
7,1	0,41	0,195
7,2	0,415	0,2
7,3	0,42	0,2
7,424	0,42	0,195
7,5	0,42	0,2
7,6	0,42	0,2
7,7	0,425	0,2
7,799	0,425	0,195
7,926	0,425	0,195
8,001	0,425	0,2
8,099	0,43	0,195
8,2	0,43	0,195
8,317	0,435	0,2
8,4	0,435	0,2
8,5	0,43	0,195
8,6	0,435	0,195
8,701	0,44	0,195
8,8	0,44	0,2
8,933	0,44	0,2
9	0,44	0,2
9,099	0,44	0,195
9,214	0,45	0,195
9,3	0,445	0,195
9,401	0,445	0,195
9,5	0,445	0,195
9,6	0,455	0,195
9,699	0,46	0,195
9,8	0,45	0,195
9,9	0,455	0,2
9,999	0,455	0,2
10,1	0,465	0,2
10,199	0,455	0,2
10,3	0,455	0,195
10,4	0,46	0,2
10,499	0,46	0,2
10,6	0,46	0,195
10,703	0,465	0,195
10,799	0,465	0,2
10,9	0,465	0,195
11,008	0,47	0,2
11,1	0,47	0,2
11,201	0,47	0,195
11,301	0,475	0,2
11,4	0,475	0,195
11,5	0,48	0,195
11,614	0,475	0,195
11,7	0,48	0,2
11,8	0,48	0,195
11,901	0,48	0,2
12,001	0,485	0,195
12,101	0,48	0,2
12,2	0,485	0,195
12,3	0,48	0,2
12,434	0,5	0,2
12,501	0,495	0,2
12,601	0,49	0,2
12,701	0,49	0,2
12,801	0,49	0,195
12,901	0,49	0,2
13,027	0,495	0,2
13,103	0,495	0,2
13,2	0,5	0,2
13,301	0,505	0,2
13,401	0,505	0,195
13,507	0,495	0,195
13,624	0,505	0,2
13,736	0,505	0,195
13,831	0,505	0,2
13,901	0,51	0,2
14,001	0,515	0,195
14,112	0,51	0,195
14,2	0,51	0,2
14,301	0,515	0,2
14,401	0,515	0,195
14,5	0,515	0,195
14,6	0,515	0,2
14,7	0,52	0,195
14,801	0,525	0,195
14,901	0,525	0,195
15	0,525	0,195
15,101	0,525	0,195
15,2	0,53	0,195
15,301	0,53	0,195
15,4	0,53	0,2
15,5	0,53	0,195
15,6	0,53	0,195
15,7	0,535	0,19
15,8	0,54	0,195
15,901	0,535	0,195
16,017	0,54	0,195
16,1	0,54	0,2
16,223	0,54	0,195
16,3	0,54	0,19
16,401	0,545	0,195
16,501	0,545	0,195
16,601	0,545	0,195
16,702	0,55	0,195
16,799	0,55	0,195
16,901	0,545	0,195
17,001	0,555	0,195
17,101	0,55	0,195
17,204	0,555	0,2
17,301	0,555	0,195
17,401	0,555	0,195
17,5	0,56	0,195
17,6	0,56	0,195
17,7	0,56	0,195
17,807	0,56	0,195
17,901	0,565	0,195
18	0,565	0,195
18,101	0,565	0,195
18,2	0,575	0,195
18,301	0,57	0,195
18,401	0,57	0,195
18,5	0,575	0,195
18,601	0,57	0,195
18,727	0,575	0,195
18,814	0,575	0,195
18,899	0,58	0,19
19,001	0,58	0,195
19,1	0,585	0,195
19,209	0,58	0,195
19,336	0,58	0,195
19,408	0,585	0,195
19,501	0,585	0,195
19,6	0,59	0,195
19,7	0,59	0,195
19,799	0,595	0,195
19,92	0,59	0,195
19,999	0,59	0,195
20,102	0,595	0,195
20,203	0,595	0,19
20,3	0,6	0,195
20,4	0,605	0,195
20,5	0,6	0,19
20,6	0,6	0,195
20,7	0,605	0,195
20,8	0,6	0,195
20,899	0,605	0,195
20,999	0,605	0,2
21,1	0,61	0,195
21,2	0,61	0,195
21,3	0,615	0,195
21,4	0,61	0,195
21,514	0,61	0,195
21,6	0,615	0,19
21,699	0,615	0,195
21,8	0,62	0,195
21,902	0,62	0,195
22,002	0,625	0,2
22,101	0,625	0,19
22,2	0,625	0,195
22,3	0,62	0,195
22,428	0,63	0,195
22,5	0,63	0,195
22,599	0,63	0,195
22,7	0,635	0,195
22,799	0,63	0,195
22,9	0,63	0,195
23	0,63	0,2
23,1	0,635	0,195
23,2	0,64	0,195
23,3	0,64	0,195
23,4	0,64	0,19
23,5	0,64	0,195
23,6	0,645	0,19
23,7	0,645	0,195
23,8	0,65	0,195
23,9	0,645	0,19
24,029	0,65	0,195
24,111	0,65	0,195
24,199	0,65	0,195
24,308	0,655	0,195
24,399	0,66	0,19
24,5	0,65	0,195
24,6	0,66	0,195
24,699	0,66	0,195
24,799	0,655	0,19
24,899	0,66	0,195
24,999	0,66	0,195
25,1	0,66	0,195
25,2	0,665	0,195
25,302	0,665	0,19
25,4	0,67	0,19
25,502	0,67	0,195
25,6	0,67	0,19
25,7	0,67	0,19
25,803	0,67	0,19
25,9	0,67	0,19
26	0,675	0,19
26,1	0,68	0,19
26,21	0,68	0,19
26,3	0,68	0,19
26,4	0,68	0,19
26,502	0,68	0,195
26,6	0,68	0,19
26,7	0,68	0,19
26,799	0,69	0,19
26,902	0,685	0,19
27	0,69	0,19
27,1	0,69	0,19
27,202	0,695	0,19
27,3	0,695	0,19
27,4	0,69	0,19
27,5	0,69	0,19
27,6	0,695	0,19
27,7	0,7	0,19
27,799	0,7	0,19
27,9	0,705	0,195
28	0,705	0,19
28,099	0,705	0,195
28,202	0,71	0,19
28,307	0,705	0,19
28,4	0,71	0,19
28,501	0,71	0,19
28,602	0,705	0,19
28,7	0,715	0,19
28,8	0,71	0,19
28,9	0,72	0,19
29	0,715	0,2
29,1	0,72	0,19
29,199	0,72	0,19
29,302	0,72	0,19
29,401	0,72	0,19
29,501	0,725	0,19
29,599	0,725	0,195
29,701	0,725	0,195
29,8	0,725	0,2
29,901	0,725	0,195
30	0,73	0,19
30,108	0,73	0,185
30,233	0,735	0,19
30,301	0,735	0,19
30,4	0,735	0,185
30,516	0,735	0,19
30,601	0,735	0,19
30,701	0,74	0,185
30,801	0,74	0,19
30,901	0,74	0,185
31,009	0,745	0,185
31,115	0,755	0,19
31,201	0,745	0,19
31,301	0,75	0,185
31,401	0,75	0,19
31,501	0,75	0,185
31,601	0,755	0,19
31,701	0,75	0,185
31,801	0,75	0,185
31,901	0,755	0,18
32,001	0,755	0,185
32,1	0,76	0,18
32,237	0,76	0,185
32,301	0,765	0,18
32,401	0,765	0,185
32,5	0,76	0,19
32,636	0,77	0,185
32,704	0,765	0,185
32,801	0,77	0,185
32,901	0,77	0,185
33,01	0,765	0,18
33,101	0,77	0,185
33,201	0,775	0,185
33,301	0,77	0,18
33,401	0,78	0,185
33,499	0,775	0,18
33,601	0,78	0,18
33,701	0,78	0,185
33,8	0,78	0,185
33,901	0,78	0,18
34,001	0,78	0,18
34,101	0,79	0,18
34,201	0,785	0,18
34,301	0,785	0,18
34,401	0,79	0,18
34,501	0,785	0,18
34,601	0,795	0,185
34,706	0,79	0,18
34,805	0,79	0,18
34,901	0,795	0,18
35,001	0,795	0,185
35,101	0,795	0,185
35,201	0,8	0,18
35,301	0,8	0,185
35,401	0,8	0,18
35,509	0,805	0,185
35,601	0,805	0,18
35,701	0,805	0,18
35,8	0,805	0,18
35,901	0,805	0,18
36,001	0,81	0,18
36,101	0,815	0,18
36,201	0,81	0,18
36,301	0,815	0,18
36,401	0,815	0,18
36,501	0,81	0,18
36,601	0,82	0,18
36,733	0,82	0,175
36,827	0,82	0,18
36,901	0,82	0,175
37,001	0,825	0,18
37,1	0,82	0,18
37,201	0,825	0,175
37,301	0,825	0,18
37,401	0,825	0,175
37,501	0,825	0,18
37,601	0,83	0,18
37,701	0,83	0,18
37,801	0,83	0,175
37,901	0,83	0,175
38,001	0,835	0,175
38,101	0,835	0,175
38,201	0,835	0,175
38,301	0,84	0,175
38,401	0,84	0,175
38,501	0,845	0,175
38,601	0,84	0,175
38,701	0,845	0,175
38,801	0,845	0,175
38,901	0,85	0,175
39,001	0,85	0,17
39,101	0,845	0,17
39,201	0,85	0,175
39,301	0,85	0,17
39,401	0,85	0,17
39,501	0,855	0,175
39,6	0,845	0,175
39,701	0,85	0,17
39,801	0,86	0,17
39,901	0,86	0,175
40,001	0,86	0,175
40,101	0,86	0,175
40,211	0,865	0,17
40,301	0,865	0,17
40,401	0,865	0,17
40,5	0,865	0,17
40,629	0,87	0,17
40,702	0,865	0,17
40,801	0,87	0,17
40,901	0,87	0,17
41,001	0,875	0,17
41,1	0,875	0,17
41,201	0,875	0,17
41,301	0,875	0,175
41,401	0,875	0,17
41,501	0,88	0,17
41,601	0,88	0,17
41,701	0,88	0,17
41,799	0,88	0,165
41,899	0,885	0,17
42	0,885	0,17
42,099	0,885	0,165
42,201	0,89	0,165
42,3	0,89	0,17
42,399	0,89	0,17
42,509	0,89	0,165
42,6	0,895	0,16
42,701	0,895	0,165
42,8	0,895	0,17
42,911	0,9	0,165
43	0,895	0,165
43,101	0,9	0,17
43,201	0,9	0,165
43,3	0,9	0,165
43,41	0,905	0,17
43,499	0,91	0,165
43,6	0,905	0,165
43,7	0,905	0,165
43,8	0,91	0,165
43,899	0,91	0,165
44,003	0,91	0,165
44,1	0,92	0,165
44,21	0,915	0,165
44,3	0,915	0,165
44,399	0,915	0,165
44,501	0,915	0,165
44,6	0,92	0,16
44,7	0,92	0,165
44,8	0,92	0,16
44,9	0,92	0,16
45,003	0,925	0,165
45,1	0,925	0,165
45,2	0,925	0,16
45,3	0,93	0,16
45,4	0,925	0,16
45,501	0,925	0,165
45,6	0,93	0,16
45,7	0,935	0,16
45,801	0,93	0,16
45,9	0,93	0,165
46,012	0,935	0,16
46,099	0,94	0,16
46,2	0,935	0,16
46,299	0,94	0,155
46,4	0,935	0,16
46,5	0,935	0,16
46,6	0,945	0,16
46,7	0,94	0,155
46,813	0,945	0,16
46,903	0,94	0,16
47	0,94	0,16
47,101	0,95	0,16
47,2	0,945	0,155
47,3	0,945	0,16
47,4	0,95	0,16
47,5	0,955	0,16
47,6	0,95	0,155
47,701	0,95	0,155
47,801	0,95	0,155
47,901	0,955	0,155
48,001	0,96	0,155
48,101	0,955	0,16
48,2	0,955	0,16
48,307	0,96	0,155
48,4	0,96	0,155
48,5	0,965	0,155
48,601	0,96	0,155
48,7	0,97	0,155
48,805	0,965	0,155
48,9	0,97	0,155
49,001	0,97	0,155
49,101	0,97	0,15
49,2	0,97	0,155
49,3	0,97	0,15
49,401	0,97	0,155
49,5	0,97	0,155
49,611	0,97	0,155
49,7	0,975	0,155
49,8	0,975	0,15
49,901	0,975	0,15
50,001	0,98	0,15
50,1	0,98	0,155
50,2	0,99	0,15
50,3	0,98	0,15
50,401	0,98	0,155
50,504	0,98	0,15
50,601	0,99	0,15
50,7	0,985	0,15
50,8	0,99	0,155
50,901	0,99	0,155
51,001	0,99	0,15
51,1	0,99	0,15
51,2	0,99	0,15
51,3	0,995	0,15
51,401	0,995	0,15
51,5	1	0,15
51,601	1	0,15
51,7	1	0,15
51,8	1	0,15
51,9	1	0,15
52,006	1,005	0,15
52,101	1,005	0,15
52,2	1,01	0,145
52,301	1,005	0,145
52,401	1,005	0,15
52,5	1,005	0,145
52,6	1,015	0,15
52,7	1,01	0,15
52,801	1,015	0,15
52,901	1,015	0,145
53	1,02	0,145
53,101	1,015	0,15
53,201	1,02	0,145
53,301	1,025	0,15
53,4	1,02	0,145
53,501	1,02	0,145
53,601	1,02	0,145
53,701	1,025	0,145
53,801	1,025	0,14
53,9	1,025	0,145
54,001	1,03	0,145
54,1	1,025	0,145
54,201	1,03	0,14
54,301	1,03	0,145
54,4	1,035	0,145
54,5	1,035	0,145
54,6	1,035	0,15
54,7	1,035	0,14
54,8	1,035	0,14
54,901	1,045	0,145
55,001	1,04	0,14
55,1	1,04	0,145
55,2	1,04	0,14
55,3	1,045	0,14
55,4	1,04	0,14
55,501	1,045	0,14
55,6	1,05	0,14
55,737	1,05	0,14
55,809	1,05	0,14
55,899	1,05	0,145
56,001	1,055	0,14
56,1	1,06	0,14
56,201	1,055	0,14
56,3	1,055	0,135
56,443	1,055	0,135
56,501	1,055	0,135
56,6	1,055	0,14
56,709	1,055	0,14
56,819	1,06	0,14
56,913	1,06	0,14
57	1,065	0,135
57,1	1,06	0,135
57,201	1,07	0,14
57,301	1,065	0,14
57,401	1,065	0,14
57,5	1,07	0,14
57,601	1,07	0,135
57,701	1,07	0,135
57,8	1,07	0,135
57,9	1,07	0,135
58,001	1,07	0,135
58,1	1,075	0,135
58,2	1,075	0,135
58,3	1,075	0,13
58,401	1,08	0,135
58,507	1,08	0,135
58,6	1,08	0,135
58,7	1,085	0,13
58,804	1,085	0,13
58,901	1,085	0,13
59	1,085	0,135
59,101	1,09	0,135
59,2	1,095	0,13
59,3	1,095	0,13
59,401	1,095	0,135
59,501	1,095	0,13
59,6	1,095	0,13
59,7	1,095	0,13
59,8	1,1	0,13
59,9	1,1	0,13
60,001	1,1	0,135
60,101	1,105	0,125
60,207	1,105	0,13
60,301	1,105	0,13
60,4	1,105	0,13
60,5	1,115	0,13
60,6	1,105	0,13
60,7	1,105	0,125
60,8	1,105	0,13
60,93	1,11	0,13
61	1,11	0,13
61,1	1,11	0,125
61,201	1,115	0,125
61,3	1,115	0,125
61,413	1,115	0,125
61,501	1,12	0,12
61,6	1,125	0,13
61,701	1,12	0,12
61,8	1,12	0,125
61,9	1,12	0,125
62,001	1,12	0,12
62,1	1,125	0,125
62,2	1,125	0,125
62,301	1,125	0,125
62,4	1,125	0,125
62,5	1,13	0,125
62,6	1,13	0,125
62,7	1,13	0,125
62,8	1,135	0,12
62,901	1,135	0,125
63,001	1,135	0,12
63,136	1,135	0,12
63,2	1,135	0,12
63,3	1,135	0,12
63,401	1,145	0,125
63,501	1,135	0,12
63,601	1,145	0,125
63,701	1,14	0,12
63,8	1,14	0,12
63,901	1,14	0,12
64	1,145	0,125
64,1	1,15	0,12
64,2	1,15	0,12
64,3	1,145	0,125
64,4	1,15	0,12
64,501	1,145	0,12
64,6	1,15	0,12
64,699	1,15	0,12
64,799	1,15	0,12
64,899	1,155	0,12
65	1,155	0,12
65,1	1,16	0,115
65,2	1,165	0,12
65,3	1,16	0,12
65,401	1,16	0,12
65,499	1,165	0,12
65,6	1,16	0,12
65,701	1,165	0,115
65,8	1,17	0,12
65,899	1,165	0,115
66,001	1,17	0,11
66,1	1,17	0,115
66,2	1,175	0,11
66,299	1,175	0,115
66,399	1,17	0,11
66,5	1,175	0,11
66,599	1,175	0,115
66,711	1,18	0,11
66,799	1,175	0,11
66,899	1,175	0,115
67	1,18	0,11
67,1	1,18	0,115
67,209	1,18	0,11
67,307	1,18	0,11
67,399	1,185	0,11
67,5	1,18	0,105
67,599	1,185	0,105
67,7	1,185	0,11
67,81	1,185	0,11
67,899	1,19	0,11
68	1,19	0,11
68,1	1,195	0,105
68,2	1,19	0,105
68,3	1,195	0,11
68,4	1,19	0,105
68,537	1,195	0,11
68,6	1,195	0,11
68,7	1,2	0,105
68,8	1,195	0,11
68,899	1,2	0,105
68,999	1,2	0,105
69,1	1,205	0,105
69,2	1,205	0,105
69,3	1,205	0,105
69,4	1,21	0,105
69,514	1,205	0,105
69,599	1,205	0,105
69,7	1,22	0,105
69,8	1,215	0,105
69,913	1,21	0,105
70	1,21	0,105
70,127	1,215	0,105
70,2	1,215	0,1
70,3	1,22	0,105
70,4	1,215	0,105
70,5	1,22	0,105
70,6	1,22	0,105
70,7	1,22	0,1
70,8	1,225	0,1
70,9	1,22	0,1
70,999	1,225	0,105
71,114	1,225	0,105
71,2	1,225	0,1
71,3	1,225	0,1
71,4	1,225	0,1
71,5	1,235	0,1
71,6	1,23	0,095
71,7	1,23	0,1
71,799	1,23	0,1
71,9	1,23	0,095
72,009	1,235	0,1
72,1	1,23	0,095
72,2	1,23	0,095
72,3	1,235	0,095
72,399	1,24	0,095
72,5	1,24	0,1
72,6	1,24	0,095
72,7	1,24	0,095
72,8	1,24	0,1
72,899	1,245	0,095
73	1,245	0,095
73,1	1,25	0,095
73,2	1,245	0,095
73,338	1,245	0,095
73,422	1,255	0,1
73,5	1,25	0,09
73,6	1,25	0,095
73,7	1,255	0,095
73,8	1,25	0,095
73,9	1,255	0,095
74	1,255	0,09
74,1	1,255	0,095
74,2	1,255	0,095
74,3	1,255	0,095
74,4	1,255	0,09
74,499	1,255	0,095
74,6	1,26	0,09
74,699	1,26	0,09
74,801	1,265	0,09
74,9	1,26	0,09
75	1,265	0,09
75,099	1,265	0,09
75,2	1,27	0,095
75,299	1,27	0,095
75,408	1,265	0,095
75,5	1,27	0,085
75,599	1,27	0,085
75,7	1,27	0,09
75,799	1,27	0,095
75,899	1,27	0,095
76	1,275	0,09
76,1	1,275	0,095
76,203	1,275	0,09
76,3	1,275	0,09
76,4	1,285	0,09
76,499	1,275	0,085
76,611	1,28	0,085
76,699	1,28	0,085
76,8	1,28	0,09
76,9	1,285	0,09
77	1,285	0,09
77,099	1,29	0,09
77,201	1,29	0,09
77,3	1,29	0,09
77,4	1,285	0,085
77,5	1,295	0,08
77,613	1,29	0,085
77,699	1,29	0,085
77,799	1,295	0,09
77,899	1,29	0,085
77,999	1,295	0,085
78,1	1,295	0,09
78,2	1,3	0,085
78,3	1,295	0,085
78,4	1,3	0,085
78,501	1,3	0,085
78,599	1,305	0,08
78,7	1,3	0,08
78,8	1,3	0,08
78,9	1,305	0,085
79	1,305	0,08
79,101	1,305	0,08
79,2	1,305	0,08
79,299	1,31	0,08
79,401	1,31	0,08
79,5	1,31	0,085
79,6	1,315	0,08
79,699	1,31	0,085
79,799	1,31	0,08
79,901	1,31	0,08
80	1,31	0,085
80,1	1,315	0,08
80,199	1,32	0,08
80,3	1,315	0,08
80,4	1,32	0,075
80,501	1,32	0,075
80,6	1,325	0,08
80,701	1,325	0,085
80,8	1,32	0,08
80,9	1,325	0,08
81	1,325	0,08
81,1	1,33	0,08
81,204	1,325	0,08
81,3	1,33	0,08
81,4	1,33	0,08
81,5	1,33	0,08
81,6	1,325	0,075
81,7	1,33	0,07
81,8	1,335	0,075
81,9	1,335	0,08
82,001	1,335	0,075
82,1	1,335	0,08
82,201	1,34	0,075
82,299	1,335	0,08
82,399	1,34	0,075
82,501	1,34	0,075
82,601	1,335	0,075
82,7	1,34	0,075
82,801	1,345	0,075
82,929	1,345	0,075
83,001	1,34	0,075
83,1	1,345	0,075
83,201	1,345	0,075
83,3	1,345	0,075
83,401	1,35	0,075
83,501	1,35	0,07
83,601	1,35	0,075
83,701	1,35	0,075
83,83	1,35	0,07
83,901	1,35	0,07
84	1,355	0,065
84,1	1,35	0,07
84,201	1,355	0,07
84,301	1,355	0,07
84,4	1,355	0,07
84,5	1,36	0,07
84,6	1,355	0,07
84,701	1,36	0,07
84,8	1,36	0,065
84,901	1,36	0,07
85,008	1,36	0,07
85,101	1,36	0,07
85,2	1,365	0,07
85,3	1,365	0,065
85,401	1,37	0,07
85,5	1,37	0,065
85,6	1,365	0,07
85,7	1,37	0,07
85,801	1,37	0,065
85,901	1,37	0,065
86,001	1,37	0,065
86,101	1,375	0,07
86,219	1,375	0,065
86,35	1,37	0,065
86,401	1,375	0,065
86,5	1,38	0,07
86,601	1,375	0,07
86,7	1,38	0,07
86,801	1,38	0,07
86,9	1,38	0,065
87,003	1,38	0,065
87,099	1,385	0,065
87,201	1,38	0,07
87,312	1,385	0,065
87,4	1,385	0,065
87,5	1,385	0,065
87,6	1,385	0,065
87,7	1,395	0,06
87,801	1,39	0,065
87,901	1,39	0,065
88	1,39	0,06
88,1	1,39	0,065
88,2	1,39	0,065
88,3	1,39	0,065
88,399	1,395	0,065
88,5	1,395	0,06
88,601	1,395	0,065
88,701	1,395	0,06
88,8	1,4	0,06
88,9	1,4	0,06
89	1,4	0,06
89,1	1,405	0,06
89,201	1,4	0,06
89,3	1,405	0,06
89,4	1,405	0,06
89,5	1,41	0,06
89,623	1,41	0,06
89,7	1,41	0,06
89,8	1,41	0,06
89,9	1,41	0,06
90,01	1,41	0,06
90,1	1,41	0,06
90,2	1,41	0,055
90,3	1,42	0,06
90,401	1,415	0,06
90,5	1,41	0,06
90,6	1,415	0,055
90,709	1,42	0,055
90,8	1,415	0,055
90,9	1,42	0,06
91	1,42	0,06
91,1	1,425	0,055
91,2	1,42	0,055
91,316	1,425	0,055
91,401	1,425	0,055
91,5	1,425	0,055
91,6	1,425	0,055
91,7	1,43	0,055
91,801	1,425	0,055
91,899	1,43	0,055
92	1,43	0,05
92,1	1,43	0,055
92,201	1,43	0,055
92,3	1,43	0,05
92,4	1,43	0,055
92,506	1,435	0,055
92,599	1,435	0,055
92,7	1,44	0,05
92,8	1,435	0,05
92,9	1,44	0,055
93	1,44	0,05
93,128	1,44	0,055
93,2	1,44	0,05
93,3	1,44	0,055
93,4	1,44	0,05
93,503	1,445	0,055
93,6	1,445	0,05
93,718	1,445	0,05
93,8	1,445	0,05
93,9	1,45	0,05
94	1,45	0,05
94,1	1,445	0,05
94,201	1,45	0,045
94,301	1,45	0,05
94,401	1,455	0,05
94,499	1,45	0,05
94,6	1,455	0,05
94,7	1,46	0,05
94,799	1,455	0,05
94,9	1,455	0,045
95	1,46	0,05
95,117	1,455	0,045
95,199	1,46	0,05
95,3	1,46	0,045
95,399	1,465	0,045
95,5	1,465	0,05
95,6	1,465	0,05
95,7	1,465	0,045
95,8	1,465	0,045
95,9	1,465	0,045
95,999	1,47	0,045
96,1	1,465	0,045
96,199	1,47	0,04
96,3	1,47	0,045
96,399	1,47	0,045
96,5	1,47	0,045
96,6	1,475	0,045
96,7	1,475	0,045
96,8	1,475	0,045
96,9	1,475	0,045
97	1,48	0,045
97,1	1,48	0,045
97,201	1,48	0,045
97,3	1,48	0,04
97,4	1,48	0,045
97,5	1,48	0,04
97,6	1,485	0,04
97,732	1,48	0,04
97,832	1,485	0,04
97,9	1,485	0,04
98	1,49	0,04
98,1	1,485	0,04
98,2	1,49	0,04
98,299	1,485	0,04
98,4	1,495	0,04
98,5	1,49	0,04
98,6	1,49	0,04
98,7	1,49	0,04
98,8	1,49	0,04
98,9	1,495	0,04
99	1,495	0,04
99,101	1,495	0,04
99,201	1,5	0,04
99,3	1,5	0,04
99,401	1,505	0,04
99,5	1,495	0,04
99,6	1,505	0,04
99,7	1,5	0,04
99,801	1,5	0,04
99,901	1,505	0,035
100,001	1,5	0,04
100,101	1,505	0,035
100,201	1,51	0,04
100,301	1,51	0,035
100,401	1,51	0,035
100,501	1,505	0,035
100,601	1,51	0,04
100,701	1,515	0,035
100,814	1,51	0,04
100,901	1,515	0,035
101	1,515	0,035
101,101	1,515	0,035
101,2	1,515	0,035
101,301	1,515	0,035
101,413	1,52	0,035
101,501	1,52	0,04
101,601	1,52	0,03
101,701	1,515	0,035
101,801	1,52	0,03
101,901	1,52	0,035
102	1,52	0,03
102,1	1,525	0,035
102,236	1,525	0,03
102,301	1,525	0,035
102,401	1,53	0,03
102,501	1,53	0,035
102,601	1,53	0,03
102,701	1,53	0,035
102,801	1,53	0,03
102,901	1,53	0,035
103,001	1,535	0,035
103,101	1,535	0,03
103,21	1,53	0,035
103,301	1,535	0,03
103,4	1,535	0,035
103,501	1,54	0,03
103,601	1,54	0,03
103,7	1,535	0,03
103,8	1,54	0,03
103,901	1,54	0,03
104,001	1,545	0,03
104,1	1,54	0,03
104,2	1,54	0,03
104,301	1,545	0,03
104,4	1,545	0,03
104,501	1,55	0,03
104,601	1,55	0,03
104,701	1,55	0,035
104,801	1,55	0,03
104,901	1,545	0,03
105,001	1,55	0,03
105,1	1,55	0,03
105,201	1,55	0,025
105,3	1,55	0,025
105,4	1,555	0,025
105,501	1,555	0,03
105,601	1,555	0,03
105,706	1,56	0,025
105,801	1,56	0,03
105,901	1,555	0,025
106,001	1,56	0,03
106,1	1,56	0,025
106,201	1,56	0,03
106,301	1,56	0,03
106,401	1,565	0,025
106,501	1,565	0,03
106,601	1,565	0,03
106,7	1,57	0,025
106,8	1,57	0,025
106,9	1,57	0,025
107,001	1,565	0,025
107,099	1,57	0,025
107,201	1,57	0,025
107,301	1,57	0,025
107,4	1,57	0,025
107,501	1,575	0,025
107,612	1,57	0,025
107,7	1,575	0,02
107,8	1,575	0,025
107,916	1,58	0,025
108	1,575	0,025
108,101	1,575	0,025
108,2	1,58	0,02
108,301	1,575	0,025
108,401	1,585	0,02
108,501	1,585	0,025
108,601	1,58	0,02
108,701	1,58	0,02
108,801	1,585	0,02
108,9	1,585	0,02
109,017	1,585	0,02
109,134	1,585	0,025
109,201	1,59	0,02
109,301	1,59	0,02
109,401	1,59	0,025
109,5	1,59	0,02
109,601	1,59	0,02
109,701	1,595	0,02
109,806	1,595	0,02
109,9	1,595	0,02
110	1,595	0,02
110,1	1,6	0,02
110,201	1,6	0,015
110,312	1,595	0,02
110,401	1,6	0,015
110,5	1,6	0,02
110,601	1,6	0,02
110,699	1,6	0,015
110,8	1,6	0,015
110,901	1,6	0,015
111,001	1,6	0,02
111,1	1,605	0,015
111,199	1,605	0,02
111,301	1,605	0,02
111,4	1,61	0,015
111,501	1,61	0,02
111,601	1,61	0,015
111,7	1,61	0,015
111,8	1,61	0,02
111,901	1,615	0,015
112,035	1,615	0,02
112,19	1,61	0,02
112,232	1,61	0,015
112,3	1,615	0,015
112,399	1,615	0,02
112,513	1,62	0,02
112,6	1,615	0,02
112,701	1,62	0,015
112,8	1,62	0,015
112,9	1,62	0,015
113	1,62	0,015
113,1	1,62	0,015
113,205	1,625	0,02
113,342	1,625	0,015
113,448	1,625	0,01
113,5	1,625	0,015
113,601	1,63	0,015
113,7	1,63	0,015
113,8	1,63	0,015
113,9	1,625	0,015
114	1,63	0,01
114,1	1,63	0,01
114,2	1,635	0,01
114,3	1,63	0,015
114,4	1,63	0,015
114,499	1,635	0,015
114,601	1,63	0,01
114,701	1,635	0,01
114,801	1,635	0,015
114,9	1,64	0,01
115,003	1,64	0,01
115,1	1,64	0,015
115,199	1,64	0,015
115,3	1,64	0,015
115,4	1,645	0,01
115,499	1,64	0,01
115,6	1,64	0,015
115,7	1,64	0,01
115,801	1,64	0,015
115,901	1,645	0,01
116,001	1,64	0,015
116,1	1,645	0,01
116,199	1,645	0,01
116,301	1,64	0,01
116,4	1,645	0,01
116,5	1,645	0,01
116,601	1,645	0,015
116,7	1,645	0,01
116,801	1,645	0,015
116,911	1,64	0,01
117	1,64	0,01
117,101	1,645	0,015
117,236	1,645	0,01
117,3	1,645	0,015
117,417	1,64	0,015
117,501	1,64	0,01
117,601	1,64	0,01
117,701	1,64	0,01
117,801	1,64	0,01
117,901	1,64	0,01
118,007	1,635	0,01
118,101	1,64	0,01
118,2	1,64	0,01
118,301	1,64	0,01
118,401	1,635	0,01
118,501	1,635	0,01
118,601	1,635	0,015
118,701	1,635	0,015
118,801	1,63	0,01
118,9	1,635	0,015
119,001	1,635	0,01
119,101	1,635	0,015
119,209	1,635	0,01
119,3	1,635	0,015
119,401	1,63	0,015
119,501	1,63	0,01
119,621	1,63	0,015
119,701	1,63	0,015
119,801	1,63	0,015
119,901	1,63	0,015
120	1,635	0,015
120,101	1,63	0,015
120,211	1,64	0,01
120,301	1,625	0,01
120,401	1,63	0,015
120,5	1,63	0,01
120,601	1,625	0,015
120,7	1,63	0,01
120,801	1,625	0,015
120,901	1,63	0,015
121,001	1,63	0,015
121,102	1,625	0,015
121,213	1,62	0,015
121,3	1,625	0,01
121,401	1,625	0,015
121,501	1,62	0,015
121,601	1,625	0,015
121,743	1,625	0,015
121,801	1,62	0,015
121,901	1,62	0,01
122,001	1,62	0,015
122,1	1,615	0,015
122,201	1,615	0,015
122,301	1,625	0,015
122,401	1,615	0,015
122,509	1,615	0,015
122,601	1,615	0,015
122,701	1,615	0,02
122,801	1,62	0,015
122,901	1,615	0,015
123,001	1,61	0,015
123,101	1,61	0,015
123,201	1,615	0,015
123,301	1,61	0,015
123,401	1,615	0,015
123,501	1,61	0,02
123,601	1,61	0,015
123,705	1,61	0,02
123,8	1,61	0,02
123,9	1,61	0,02
124,001	1,61	0,015
124,101	1,61	0,015
124,201	1,61	0,02
124,305	1,61	0,02
124,401	1,61	0,02
124,5	1,61	0,015
124,601	1,605	0,02
124,7	1,61	0,015
124,801	1,605	0,02
124,901	1,605	0,015
125,001	1,6	0,02
125,11	1,605	0,015
125,208	1,6	0,02
125,301	1,605	0,02
125,401	1,605	0,02
125,501	1,6	0,02
125,601	1,6	0,02
125,701	1,6	0,02
125,834	1,6	0,02
125,901	1,6	0,02
126,001	1,6	0,02
126,101	1,6	0,02
126,201	1,6	0,02
126,301	1,6	0,02
126,401	1,6	0,02
126,501	1,6	0,02
126,601	1,6	0,02
126,701	1,595	0,02
126,8	1,59	0,02
126,901	1,6	0,025
127,01	1,59	0,02
127,101	1,595	0,02
127,201	1,61	0,02
127,301	1,595	0,025
127,401	1,59	0,02
127,501	1,59	0,02
127,601	1,59	0,02
127,701	1,59	0,02
127,801	1,59	0,02
127,901	1,59	0,02
128	1,59	0,02
128,101	1,59	0,025
128,201	1,585	0,02
128,301	1,59	0,02
128,401	1,585	0,025
128,501	1,59	0,02
128,601	1,585	0,02
128,701	1,585	0,025
128,801	1,58	0,025
128,901	1,585	0,02
129,001	1,585	0,025
129,1	1,585	0,02
129,2	1,585	0,02
129,301	1,58	0,025
129,4	1,575	0,025
129,501	1,58	0,02
129,601	1,58	0,02
129,701	1,58	0,02
129,801	1,575	0,025
129,907	1,58	0,02
130,001	1,575	0,02
130,101	1,58	0,025
130,223	1,575	0,025
130,301	1,575	0,025
130,403	1,575	0,025
130,5	1,575	0,025
130,6	1,575	0,02
130,701	1,575	0,025
130,801	1,57	0,025
130,9	1,57	0,03
131,001	1,575	0,025
131,101	1,57	0,03
131,201	1,575	0,025
131,301	1,57	0,025
131,401	1,57	0,025
131,501	1,57	0,025
131,6	1,57	0,025
131,701	1,57	0,025
131,801	1,565	0,025
131,901	1,565	0,025
132,014	1,57	0,03
132,127	1,57	0,025
132,201	1,57	0,03
132,301	1,565	0,025
132,4	1,565	0,025
132,501	1,56	0,025
132,6	1,565	0,025
132,701	1,565	0,025
132,801	1,56	0,025
132,901	1,565	0,03
133,001	1,56	0,03
133,124	1,56	0,025
133,201	1,56	0,025
133,301	1,56	0,03
133,401	1,565	0,03
133,501	1,56	0,03
133,601	1,56	0,025
133,699	1,56	0,03
133,801	1,56	0,025
133,901	1,555	0,03
134,001	1,555	0,03
134,101	1,555	0,03
134,201	1,555	0,03
134,3	1,555	0,03
134,401	1,555	0,03
134,5	1,55	0,03
134,6	1,555	0,03
134,702	1,555	0,03
134,801	1,555	0,035
134,913	1,55	0,03
135	1,545	0,03
135,134	1,55	0,03
135,201	1,55	0,03
135,301	1,545	0,03
135,401	1,55	0,03
135,501	1,545	0,035
135,601	1,55	0,03
135,701	1,545	0,03
135,801	1,545	0,035
135,907	1,545	0,03
136,014	1,545	0,03
136,1	1,54	0,035
136,2	1,54	0,03
136,301	1,54	0,03
136,4	1,54	0,035
136,51	1,545	0,03
136,6	1,54	0,03
136,711	1,54	0,035
136,801	1,54	0,03
136,9	1,54	0,03
137,011	1,54	0,03
137,1	1,545	0,035
137,2	1,54	0,035
137,3	1,535	0,03
137,399	1,535	0,03
137,5	1,535	0,03
137,6	1,535	0,035
137,718	1,54	0,03
137,799	1,535	0,035
137,9	1,535	0,035
138	1,535	0,035
138,1	1,535	0,035
138,2	1,535	0,03
138,3	1,53	0,035
138,4	1,53	0,035
138,5	1,535	0,035
138,6	1,535	0,035
138,7	1,53	0,035
138,8	1,53	0,035
138,912	1,53	0,035
139,028	1,525	0,03
139,1	1,53	0,035
139,2	1,53	0,03
139,3	1,53	0,035
139,4	1,525	0,04
139,5	1,525	0,035
139,6	1,53	0,035
139,7	1,525	0,04
139,8	1,525	0,035
139,9	1,525	0,035
140	1,525	0,035
140,1	1,525	0,04
140,2	1,52	0,035
140,3	1,525	0,035
140,4	1,525	0,04
140,5	1,52	0,035
140,6	1,52	0,035
140,7	1,52	0,035
140,8	1,515	0,04
140,9	1,52	0,035
141	1,52	0,035
141,1	1,515	0,035
141,2	1,52	0,035
141,3	1,515	0,035
141,4	1,52	0,035
141,5	1,52	0,035
141,6	1,515	0,035
141,7	1,515	0,04
141,8	1,515	0,035
141,901	1,515	0,04
142	1,51	0,04
142,113	1,51	0,04
142,201	1,51	0,04
142,3	1,51	0,04
142,4	1,515	0,04
142,499	1,51	0,04
142,614	1,51	0,04
142,7	1,505	0,04
142,799	1,51	0,04
142,9	1,505	0,035
143	1,51	0,04
143,12	1,505	0,04
143,2	1,505	0,04
143,3	1,505	0,04
143,421	1,505	0,04
143,5	1,505	0,04
143,6	1,505	0,04
143,7	1,505	0,04
143,8	1,5	0,045
143,901	1,505	0,04
144,011	1,5	0,04
144,099	1,505	0,04
144,2	1,5	0,04
144,3	1,5	0,045
144,407	1,5	0,04
144,499	1,495	0,04
144,6	1,5	0,04
144,7	1,5	0,045
144,8	1,5	0,04
144,9	1,5	0,04
145	1,5	0,04
145,1	1,5	0,04
145,2	1,5	0,04
145,3	1,495	0,04
145,4	1,495	0,04
145,5	1,495	0,04
145,6	1,495	0,04
145,7	1,495	0,04
145,8	1,495	0,04
145,9	1,495	0,04
146	1,49	0,04
146,126	1,49	0,04
146,2	1,49	0,04
146,3	1,49	0,045
146,4	1,49	0,04
146,532	1,495	0,04
146,599	1,49	0,045
146,7	1,49	0,04
146,8	1,49	0,045
146,9	1,485	0,05
147	1,49	0,045
147,1	1,49	0,04
147,2	1,485	0,045
147,342	1,485	0,045
147,4	1,485	0,045
147,5	1,49	0,045
147,6	1,485	0,045
147,7	1,485	0,045
147,8	1,485	0,04
147,9	1,485	0,045
148	1,485	0,045
148,1	1,48	0,045
148,2	1,48	0,045
148,299	1,48	0,045
148,4	1,48	0,045
148,5	1,48	0,045
148,599	1,48	0,045
148,7	1,48	0,045
148,8	1,475	0,045
148,901	1,48	0,045
148,999	1,48	0,045
149,1	1,48	0,05
149,2	1,48	0,045
149,3	1,48	0,05
149,399	1,475	0,045
149,5	1,47	0,045
149,6	1,475	0,05
149,7	1,48	0,05
149,801	1,475	0,05
149,9	1,475	0,045
150	1,475	0,045
150,124	1,475	0,045
150,201	1,47	0,05
150,3	1,47	0,05
150,4	1,47	0,045
150,509	1,47	0,05
150,601	1,47	0,045
150,7	1,47	0,045
150,8	1,465	0,05
150,899	1,47	0,05
151	1,47	0,05
151,101	1,465	0,045
151,216	1,465	0,05
151,31	1,47	0,05
151,4	1,46	0,05
151,5	1,465	0,05
151,6	1,465	0,05
151,706	1,465	0,05
151,801	1,46	0,05
151,9	1,465	0,05
152,001	1,465	0,05
152,101	1,46	0,05
152,2	1,46	0,05
152,301	1,46	0,05
152,4	1,46	0,05
152,501	1,46	0,05
152,601	1,46	0,05
152,7	1,46	0,05
152,819	1,455	0,05
152,899	1,46	0,05
153,001	1,46	0,05
153,101	1,455	0,05
153,2	1,46	0,05
153,301	1,455	0,05
153,4	1,455	0,05
153,501	1,45	0,05
153,601	1,455	0,045
153,701	1,45	0,05
153,801	1,45	0,05
153,901	1,45	0,055
154,001	1,45	0,05
154,1	1,45	0,05
154,201	1,455	0,055
154,299	1,45	0,05
154,401	1,45	0,055
154,501	1,45	0,055
154,6	1,45	0,055
154,701	1,45	0,05
154,821	1,45	0,05
154,9	1,45	0,055
155,005	1,45	0,055
155,101	1,445	0,055
155,201	1,45	0,05
155,301	1,445	0,05
155,401	1,445	0,055
155,501	1,445	0,05
155,611	1,445	0,055
155,7	1,44	0,05
155,802	1,44	0,055
155,905	1,445	0,055
156,012	1,44	0,055
156,101	1,445	0,05
156,201	1,445	0,055
156,301	1,44	0,055
156,401	1,445	0,055
156,501	1,44	0,055
156,601	1,445	0,055
156,701	1,435	0,055
156,801	1,435	0,055
156,901	1,44	0,055
157	1,435	0,055
157,099	1,44	0,055
157,201	1,44	0,055
157,304	1,435	0,06
157,4	1,435	0,06
157,499	1,435	0,055
157,6	1,435	0,055
157,699	1,435	0,06
157,8	1,435	0,06
157,9	1,435	0,055
158	1,43	0,055
158,101	1,435	0,06
158,201	1,43	0,055
158,301	1,44	0,055
158,401	1,43	0,06
158,5	1,43	0,055
158,6	1,43	0,06
158,7	1,43	0,055
158,799	1,43	0,055
158,9	1,425	0,06
159	1,43	0,055
159,1	1,425	0,055
159,2	1,43	0,055
159,3	1,43	0,055
159,4	1,425	0,06
159,5	1,425	0,055
159,614	1,425	0,06
159,7	1,425	0,06
159,799	1,43	0,06
159,9	1,425	0,06
160	1,425	0,06
160,102	1,42	0,06
160,2	1,42	0,06
160,3	1,42	0,06
160,4	1,42	0,06
160,499	1,42	0,06
160,601	1,42	0,055
160,7	1,415	0,06
160,8	1,42	0,06
160,9	1,42	0,06
161	1,42	0,06
161,1	1,42	0,06
161,2	1,415	0,06
161,3	1,415	0,06
161,4	1,42	0,06
161,5	1,415	0,06
161,599	1,415	0,06
161,7	1,415	0,06
161,8	1,415	0,06
161,905	1,41	0,065
162,01	1,41	0,065
162,099	1,415	0,06
162,2	1,41	0,06
162,3	1,41	0,065
162,4	1,41	0,06
162,5	1,41	0,065
162,6	1,41	0,06
162,7	1,41	0,06
162,8	1,41	0,065
162,9	1,41	0,065
163	1,405	0,06
163,138	1,41	0,06
163,224	1,41	0,065
163,3	1,41	0,065
163,414	1,41	0,06
163,5	1,405	0,065
163,6	1,405	0,065
163,7	1,41	0,065
163,8	1,405	0,065
163,899	1,405	0,06
164,009	1,41	0,06
164,1	1,405	0,065
164,2	1,405	0,065
164,3	1,405	0,07
164,399	1,4	0,065
164,499	1,4	0,065
164,6	1,4	0,065
164,7	1,405	0,065
164,8	1,405	0,065
164,9	1,4	0,07
165	1,4	0,065
165,099	1,4	0,06
165,24	1,4	0,07
165,32	1,4	0,065
165,4	1,395	0,065
165,499	1,395	0,065
165,6	1,395	0,065
165,7	1,4	0,065
165,8	1,395	0,07
165,9	1,395	0,07
166	1,395	0,065
166,1	1,395	0,065
166,199	1,395	0,07
166,3	1,39	0,065
166,4	1,39	0,07
166,5	1,39	0,07
166,601	1,39	0,065
166,701	1,39	0,07
166,8	1,395	0,07
166,9	1,39	0,065
167	1,39	0,07
167,1	1,39	0,07
167,199	1,39	0,07
167,299	1,39	0,07
167,401	1,385	0,065
167,5	1,39	0,07
167,6	1,39	0,07
167,7	1,385	0,07
167,801	1,385	0,07
167,9	1,38	0,07
168	1,385	0,07
168,1	1,385	0,07
168,201	1,38	0,07
168,299	1,38	0,07
168,4	1,385	0,07
168,5	1,385	0,07
168,6	1,385	0,07
168,701	1,38	0,07
168,799	1,38	0,07
168,9	1,38	0,07
169,001	1,38	0,07
169,101	1,38	0,075
169,201	1,385	0,07
169,3	1,38	0,075
169,4	1,38	0,07
169,501	1,38	0,07
169,601	1,38	0,075
169,7	1,375	0,07
169,801	1,375	0,075
169,901	1,38	0,07
170,013	1,375	0,07
170,101	1,38	0,07
170,208	1,38	0,075
170,301	1,38	0,07
170,401	1,375	0,07
170,501	1,37	0,07
170,6	1,375	0,07
170,701	1,375	0,07
170,8	1,37	0,075
170,901	1,375	0,07
171,001	1,375	0,07
171,101	1,375	0,07
171,2	1,37	0,07
171,3	1,37	0,075
171,401	1,37	0,075
171,504	1,37	0,075
171,601	1,37	0,07
171,7	1,365	0,07
171,801	1,365	0,075
171,901	1,37	0,075
172,001	1,37	0,075
172,108	1,37	0,075
172,201	1,37	0,075
172,3	1,365	0,07
172,42	1,365	0,08
172,501	1,365	0,075
172,601	1,36	0,075
172,7	1,37	0,075
172,801	1,36	0,075
172,901	1,365	0,08
173,001	1,36	0,08
173,1	1,36	0,075
173,201	1,365	0,075
173,32	1,365	0,075
173,4	1,36	0,075
173,501	1,365	0,075
173,601	1,36	0,08
173,723	1,36	0,075
173,801	1,36	0,07
173,901	1,36	0,075
174,001	1,36	0,075
174,101	1,36	0,075
174,2	1,36	0,075
174,301	1,355	0,075
174,414	1,36	0,075
174,501	1,36	0,075
174,601	1,355	0,075
174,7	1,36	0,075
174,801	1,36	0,075
174,906	1,35	0,08
175,001	1,355	0,075
175,101	1,35	0,075
175,201	1,35	0,08
175,301	1,35	0,075
175,4	1,365	0,08
175,501	1,35	0,075
175,601	1,355	0,08
175,701	1,355	0,075
175,808	1,35	0,08
175,901	1,355	0,075
176,001	1,35	0,08
176,101	1,345	0,075
176,2	1,35	0,08
176,31	1,35	0,075
176,401	1,35	0,08
176,501	1,345	0,08
176,6	1,345	0,08
176,701	1,35	0,08
176,817	1,35	0,08
176,901	1,345	0,08
177,001	1,345	0,08
177,101	1,34	0,08
177,201	1,345	0,08
177,301	1,345	0,08
177,4	1,345	0,08
177,5	1,345	0,08
177,6	1,34	0,08
177,7	1,34	0,075
177,801	1,34	0,085
177,901	1,34	0,085
178,001	1,345	0,08
178,101	1,34	0,08
178,201	1,34	0,085
178,301	1,34	0,08
178,4	1,34	0,08
178,501	1,34	0,08
178,6	1,34	0,08
178,701	1,345	0,08
178,8	1,34	0,08
178,901	1,335	0,08
179	1,34	0,08
179,101	1,34	0,085
179,201	1,335	0,08
179,301	1,335	0,085
179,4	1,33	0,08
179,5	1,33	0,08
179,601	1,335	0,085
179,701	1,335	0,085
179,8	1,33	0,085
179,9	1,33	0,085
180	1,33	0,085
180,117	1,33	0,085
180,2	1,33	0,08
180,318	1,33	0,08
180,4	1,335	0,085
180,5	1,325	0,085
180,6	1,33	0,08
180,735	1,33	0,085
180,8	1,33	0,08
180,9	1,325	0,085
181,003	1,325	0,085
181,099	1,33	0,085
181,201	1,325	0,085
181,3	1,325	0,085
181,4	1,325	0,085
181,501	1,33	0,085
181,601	1,32	0,085
181,7	1,325	0,09
181,8	1,325	0,085
181,917	1,325	0,085
182	1,325	0,09
182,1	1,32	0,085
182,204	1,325	0,09
182,338	1,32	0,085
182,399	1,325	0,085
182,501	1,32	0,085
182,6	1,32	0,085
182,7	1,32	0,085
182,82	1,325	0,085
182,92	1,32	0,085
183	1,32	0,085
183,099	1,315	0,085
183,2	1,32	0,085
183,299	1,315	0,09
183,401	1,32	0,09
183,5	1,32	0,09
183,601	1,315	0,085
183,699	1,32	0,085
183,8	1,32	0,085
183,9	1,315	0,09
184	1,315	0,09
184,1	1,315	0,09
184,2	1,315	0,09
184,3	1,315	0,09
184,399	1,31	0,09
184,5	1,315	0,09
184,6	1,315	0,09
184,704	1,315	0,085
184,801	1,31	0,085
184,9	1,31	0,09
185	1,305	0,09
185,1	1,31	0,09
185,2	1,31	0,09
185,325	1,31	0,09
185,413	1,315	0,09
185,5	1,31	0,09
185,599	1,31	0,09
185,715	1,31	0,09
185,799	1,305	0,09
185,9	1,31	0,095
186,001	1,305	0,09
186,109	1,305	0,09
186,2	1,305	0,09
186,299	1,305	0,09
186,401	1,32	0,09
186,5	1,305	0,09
186,6	1,305	0,095
186,701	1,3	0,095
186,801	1,305	0,09
186,899	1,305	0,095
187,001	1,3	0,09
187,101	1,3	0,09
187,209	1,3	0,09
187,301	1,295	0,09
187,401	1,3	0,095
187,5	1,3	0,095
187,6	1,3	0,095
187,701	1,3	0,095
187,808	1,3	0,095
187,901	1,295	0,095
188	1,3	0,095
188,101	1,295	0,095
188,201	1,3	0,09
188,319	1,295	0,09
188,403	1,3	0,095
188,5	1,295	0,095
188,601	1,295	0,09
188,701	1,295	0,095
188,809	1,295	0,09
188,901	1,295	0,09
189,001	1,295	0,09
189,101	1,295	0,09
189,201	1,29	0,09
189,307	1,29	0,095
189,401	1,295	0,09
189,501	1,29	0,095
189,601	1,29	0,095
189,701	1,29	0,095
189,802	1,29	0,095
189,901	1,29	0,095
190,001	1,29	0,1
190,119	1,29	0,095
190,2	1,285	0,095
190,301	1,285	0,095
190,401	1,29	0,095
190,501	1,29	0,095
190,609	1,285	0,1
190,701	1,29	0,095
190,801	1,29	0,1
190,901	1,285	0,1
191,001	1,28	0,095
191,113	1,285	0,1
191,201	1,285	0,095
191,301	1,285	0,095
191,401	1,285	0,1
191,5	1,28	0,095
191,601	1,28	0,095
191,701	1,285	0,095
191,801	1,285	0,1
191,901	1,28	0,1
192,001	1,28	0,095
192,101	1,28	0,095
192,2	1,28	0,1
192,301	1,28	0,095
192,4	1,275	0,1
192,501	1,28	0,1
192,601	1,275	0,1
192,701	1,275	0,1
192,801	1,275	0,1
192,901	1,275	0,1
193,001	1,275	0,095
193,101	1,275	0,095
193,201	1,27	0,1
193,301	1,28	0,1
193,401	1,27	0,1
193,501	1,275	0,1
193,6	1,275	0,1
193,701	1,275	0,1
193,8	1,27	0,1
193,901	1,27	0,095
194,03	1,27	0,1
194,1	1,27	0,1
194,201	1,27	0,1
194,301	1,27	0,1
194,401	1,27	0,1
194,501	1,27	0,1
194,601	1,265	0,1
194,706	1,265	0,1
194,801	1,27	0,1
194,9	1,265	0,105
195,001	1,265	0,1
195,101	1,265	0,105
195,201	1,265	0,1
195,301	1,265	0,105
195,401	1,27	0,105
195,501	1,265	0,1
195,621	1,265	0,105
195,711	1,27	0,105
195,801	1,265	0,1
195,9	1,265	0,1
196,001	1,265	0,1
196,101	1,265	0,105
196,201	1,26	0,1
196,301	1,26	0,1
196,401	1,26	0,1
196,501	1,26	0,1
196,601	1,26	0,1
196,701	1,26	0,1
196,801	1,26	0,105
196,901	1,26	0,1
197,001	1,255	0,1
197,101	1,26	0,105
197,201	1,265	0,105
197,321	1,255	0,105
197,424	1,255	0,1
197,5	1,26	0,105
197,601	1,255	0,105
197,701	1,26	0,105
197,801	1,255	0,105
197,9	1,255	0,105
198,001	1,255	0,105
198,101	1,26	0,105
198,201	1,26	0,105
198,301	1,255	0,105
198,401	1,25	0,105
198,5	1,255	0,105
198,6	1,255	0,105
198,7	1,25	0,105
198,801	1,255	0,105
198,901	1,255	0,105
199,001	1,25	0,105
199,101	1,255	0,105
199,201	1,25	0,105
199,301	1,255	0,105
199,4	1,25	0,105
199,501	1,25	0,105
199,603	1,25	0,105
199,729	1,25	0,105
199,8	1,25	0,11
199,901	1,245	0,105
200,009	1,25	0,105
200,1	1,245	0,105
200,228	1,25	0,105
200,301	1,245	0,11
200,401	1,24	0,11
200,5	1,245	0,11
200,601	1,245	0,105
200,701	1,245	0,105
200,801	1,24	0,11
200,901	1,24	0,105
201,004	1,24	0,105
201,101	1,245	0,105
201,206	1,245	0,105
201,339	1,245	0,11
201,4	1,235	0,105
201,501	1,24	0,11
201,601	1,24	0,11
201,7	1,24	0,11
201,8	1,24	0,11
201,901	1,235	0,11
202,001	1,24	0,11
202,101	1,24	0,11
202,201	1,245	0,11
202,301	1,24	0,11
202,401	1,24	0,11
202,51	1,235	0,115
202,6	1,24	0,11
202,7	1,235	0,11
202,8	1,235	0,105
202,9	1,24	0,11
203,001	1,235	0,11
203,101	1,235	0,11
203,2	1,225	0,11
203,301	1,235	0,11
203,4	1,235	0,11
203,516	1,23	0,11
203,601	1,24	0,11
203,722	1,23	0,11
203,801	1,235	0,11
203,901	1,235	0,115
204,001	1,23	0,11
204,099	1,235	0,11
204,201	1,23	0,11
204,301	1,23	0,11
204,401	1,235	0,11
204,5	1,23	0,11
204,601	1,23	0,115
204,701	1,23	0,11
204,801	1,23	0,11
204,901	1,23	0,115
205	1,225	0,11
205,101	1,23	0,11
205,201	1,23	0,11
205,301	1,23	0,115
205,4	1,225	0,115
205,501	1,23	0,11
205,601	1,225	0,11
205,703	1,225	0,11
205,8	1,225	0,11
205,901	1,225	0,11
206,001	1,225	0,115
206,101	1,225	0,115
206,201	1,225	0,115
206,301	1,22	0,115
206,401	1,225	0,115
206,5	1,225	0,115
206,601	1,225	0,115
206,701	1,22	0,12
206,815	1,22	0,115
206,925	1,22	0,115
207,001	1,22	0,115
207,101	1,22	0,115
207,201	1,22	0,115
207,301	1,22	0,115
207,4	1,225	0,115
207,501	1,215	0,115
207,601	1,22	0,115
207,7	1,22	0,115
207,801	1,215	0,115
207,901	1,215	0,12
208,001	1,215	0,115
208,1	1,215	0,115
208,201	1,215	0,115
208,301	1,22	0,12
208,401	1,21	0,115
208,5	1,21	0,115
208,6	1,215	0,115
208,7	1,21	0,115
208,801	1,215	0,12
208,9	1,215	0,115
209	1,21	0,115
209,1	1,215	0,12
209,2	1,21	0,115
209,3	1,21	0,115
209,399	1,21	0,12
209,5	1,21	0,12
209,599	1,21	0,12
209,699	1,21	0,115
209,8	1,21	0,12
209,9	1,21	0,12
209,999	1,21	0,12
210,1	1,205	0,12
210,199	1,205	0,12
210,3	1,205	0,12
210,4	1,21	0,115
210,499	1,21	0,115
210,611	1,21	0,12
210,7	1,205	0,12
210,8	1,205	0,12
210,9	1,205	0,12
211	1,21	0,12
211,1	1,205	0,12
211,2	1,205	0,12
211,3	1,205	0,12
211,4	1,205	0,12
211,5	1,2	0,12
211,6	1,2	0,12
211,7	1,2	0,12
211,799	1,2	0,12
211,899	1,2	0,12
212	1,205	0,12
212,1	1,2	0,12
212,2	1,2	0,125
212,3	1,2	0,12
212,4	1,195	0,12
212,5	1,195	0,12
212,6	1,195	0,125
212,7	1,2	0,12
212,799	1,2	0,12
212,9	1,195	0,12
212,999	1,195	0,12
213,099	1,2	0,125
213,2	1,195	0,12
213,3	1,195	0,12
213,4	1,195	0,125
213,5	1,195	0,125
213,6	1,195	0,125
213,709	1,195	0,12
213,8	1,19	0,125
213,9	1,195	0,125
214,001	1,185	0,125
214,1	1,19	0,125
214,2	1,19	0,12
214,3	1,19	0,125
214,407	1,19	0,125
214,5	1,19	0,125
214,6	1,19	0,125
214,7	1,185	0,125
214,799	1,185	0,12
214,899	1,185	0,125
215	1,19	0,125
215,1	1,19	0,125
215,2	1,185	0,13
215,3	1,185	0,125
215,399	1,195	0,125
215,499	1,185	0,125
215,6	1,185	0,125
215,702	1,185	0,125
215,8	1,18	0,125
215,899	1,185	0,125
216,001	1,185	0,125
216,1	1,18	0,125
216,2	1,185	0,125
216,3	1,185	0,125
216,406	1,18	0,125
216,5	1,18	0,125
216,6	1,18	0,125
216,7	1,18	0,125
216,8	1,18	0,125
216,9	1,18	0,125
217,002	1,18	0,125
217,1	1,175	0,13
217,2	1,18	0,125
217,299	1,18	0,125
217,4	1,18	0,125
217,5	1,175	0,125
217,6	1,175	0,125
217,7	1,18	0,13
217,799	1,18	0,125
217,899	1,175	0,125
218	1,18	0,125
218,1	1,175	0,13
218,2	1,18	0,13
218,3	1,175	0,125
218,4	1,17	0,125
218,5	1,175	0,13
218,615	1,175	0,125
218,7	1,17	0,13
218,802	1,175	0,13
218,899	1,17	0,125
219	1,17	0,13
219,1	1,17	0,125
219,2	1,17	0,13
219,3	1,17	0,13
219,399	1,17	0,13
219,499	1,17	0,13
219,6	1,17	0,13
219,728	1,17	0,13
219,8	1,17	0,13
219,9	1,17	0,125
220	1,17	0,13
220,103	1,165	0,125
220,199	1,17	0,125
220,3	1,17	0,135
220,4	1,17	0,13
220,5	1,165	0,13
220,6	1,165	0,13
220,702	1,165	0,13
220,8	1,16	0,13
220,9	1,165	0,13
221	1,165	0,135
221,106	1,165	0,13
221,2	1,165	0,13
221,302	1,165	0,13
221,402	1,165	0,135
221,5	1,16	0,13
221,6	1,16	0,135
221,712	1,165	0,135
221,802	1,165	0,13
221,902	1,165	0,13
222,002	1,16	0,135
222,102	1,165	0,135
222,2	1,155	0,135
222,3	1,16	0,13
222,4	1,18	0,13
222,513	1,16	0,135
222,6	1,16	0,13
222,701	1,16	0,135
222,802	1,16	0,13
222,902	1,16	0,135
223	1,155	0,135
223,101	1,155	0,13
223,2	1,16	0,135
223,302	1,155	0,13
223,411	1,155	0,135
223,5	1,15	0,135
223,602	1,155	0,135
223,702	1,155	0,13
223,829	1,155	0,13
223,911	1,155	0,135
224,002	1,15	0,13
224,122	1,155	0,135
224,202	1,155	0,135
224,302	1,15	0,135
224,4	1,15	0,135
224,502	1,15	0,13
224,6	1,15	0,135
224,701	1,15	0,13
224,801	1,15	0,135
224,902	1,15	0,135
225,001	1,15	0,135
225,132	1,15	0,135
225,212	1,15	0,135
225,302	1,15	0,135
225,402	1,15	0,135
225,501	1,145	0,135
225,6	1,15	0,135
225,702	1,15	0,135
225,801	1,145	0,135
225,902	1,145	0,135
225,999	1,15	0,135
226,131	1,145	0,135
226,202	1,145	0,135
226,3	1,14	0,135
226,4	1,145	0,135
226,501	1,145	0,135
226,6	1,145	0,135
226,7	1,145	0,135
226,8	1,145	0,14
226,921	1,145	0,14
227	1,14	0,14
227,099	1,14	0,14
227,2	1,14	0,135
227,3	1,14	0,14
227,4	1,14	0,135
227,5	1,14	0,14
227,6	1,14	0,135
227,7	1,14	0,14
227,799	1,14	0,14
227,9	1,14	0,135
228,021	1,14	0,135
228,1	1,14	0,135
228,2	1,14	0,14
228,301	1,14	0,135
228,408	1,14	0,14
228,534	1,135	0,14
228,601	1,135	0,14
228,699	1,135	0,14
228,799	1,135	0,14
228,901	1,135	0,14
229,001	1,135	0,135
229,101	1,135	0,14
229,202	1,135	0,14
229,301	1,135	0,14
229,401	1,135	0,14
229,499	1,135	0,145
229,601	1,13	0,14
229,699	1,13	0,14
229,807	1,13	0,14
229,901	1,13	0,14
230,001	1,13	0,14
230,105	1,13	0,14
230,201	1,13	0,14
230,301	1,13	0,14
230,401	1,125	0,14
230,499	1,13	0,14
230,601	1,125	0,14
230,699	1,125	0,14
230,801	1,13	0,145
230,9	1,13	0,14
231,001	1,125	0,14
231,099	1,13	0,145
231,201	1,125	0,14
231,306	1,125	0,14
231,401	1,125	0,14
231,5	1,125	0,145
231,6	1,125	0,145
231,701	1,125	0,145
231,801	1,125	0,14
231,899	1,125	0,145
232,001	1,125	0,14
232,1	1,125	0,145
232,2	1,125	0,14
232,3	1,12	0,14
232,4	1,125	0,14
232,5	1,125	0,14
232,601	1,12	0,145
232,701	1,125	0,14
232,801	1,12	0,14
232,9	1,12	0,14
233,001	1,12	0,14
233,1	1,115	0,14
233,2	1,125	0,14
233,3	1,12	0,14
233,401	1,125	0,14
233,501	1,12	0,14
233,601	1,12	0,135
233,7	1,12	0,14
233,8	1,12	0,14
233,9	1,12	0,14
234,001	1,115	0,14
234,101	1,115	0,14
234,2	1,12	0,14
234,3	1,115	0,14
234,399	1,115	0,14
234,5	1,12	0,145
234,6	1,13	0,14
234,701	1,115	0,14
234,801	1,11	0,14
234,901	1,115	0,145
235,014	1,115	0,14
235,099	1,115	0,145
235,201	1,11	0,14
235,301	1,115	0,14
235,401	1,11	0,145
235,501	1,11	0,14
235,6	1,11	0,14
235,701	1,115	0,14
235,801	1,11	0,14
235,9	1,11	0,14
236	1,105	0,14
236,1	1,11	0,14
236,2	1,105	0,14
236,3	1,105	0,14
236,399	1,11	0,145
236,5	1,105	0,14
236,599	1,11	0,14
236,701	1,105	0,145
236,811	1,105	0,15
236,901	1,105	0,145
237,001	1,105	0,145
237,109	1,105	0,145
237,201	1,105	0,15
237,338	1,105	0,14
237,401	1,105	0,145
237,501	1,105	0,145
237,601	1,105	0,15
237,714	1,105	0,145
237,801	1,1	0,145
237,901	1,105	0,15
238,001	1,1	0,145
238,1	1,105	0,145
238,201	1,105	0,145
238,3	1,1	0,15
238,401	1,1	0,145
238,5	1,1	0,15
238,6	1,105	0,145
238,7	1,1	0,15
238,801	1,105	0,15
238,901	1,1	0,15
239	1,1	0,145
239,137	1,1	0,145
239,236	1,095	0,15
239,301	1,105	0,15
239,399	1,095	0,15
239,518	1,1	0,145
239,6	1,1	0,145
239,701	1,1	0,14
239,8	1,095	0,145
239,9	1,095	0,14
240,001	1,095	0,145
240,101	1,095	0,145
240,201	1,095	0,145
240,3	1,095	0,145
240,4	1,095	0,145
240,5	1,095	0,145
240,6	1,1	0,145
240,701	1,095	0,145
240,801	1,095	0,15
240,9	1,09	0,145
241,02	1,09	0,15
241,128	1,095	0,145
241,201	1,095	0,145
241,3	1,095	0,15
241,4	1,09	0,145
241,501	1,09	0,145
241,601	1,09	0,145
241,7	1,09	0,145
241,801	1,09	0,15
241,903	1,095	0,15
242,001	1,095	0,15
242,1	1,09	0,145
242,2	1,09	0,145
242,301	1,09	0,145
242,4	1,09	0,15
242,501	1,085	0,15
242,6	1,085	0,145
242,706	1,085	0,145
242,801	1,085	0,145
242,901	1,095	0,15
243	1,085	0,145
243,101	1,09	0,15
243,201	1,085	0,145
243,301	1,085	0,15
243,4	1,085	0,15
243,501	1,08	0,15
243,601	1,085	0,15
243,7	1,08	0,15
243,801	1,085	0,15
243,9	1,08	0,15
244,154	1,08	0,15
244,221	1,08	0,145
244,42	1,08	0,15
244,455	1,085	0,15
244,559	1,08	0,145
244,659	1,08	0,15
244,673	1,08	0,15
244,7	1,075	0,15
244,801	1,08	0,15
244,901	1,08	0,15
245,001	1,08	0,15
245,1	1,075	0,15
245,2	1,075	0,15
245,301	1,08	0,15
245,4	1,075	0,15
245,501	1,085	0,15
245,6	1,075	0,15
245,7	1,075	0,15
245,801	1,08	0,15
245,9	1,075	0,15
246	1,085	0,155
246,1	1,075	0,15
246,2	1,075	0,15
246,301	1,075	0,15
246,4	1,075	0,15
246,501	1,075	0,15
246,6	1,065	0,15
246,7	1,075	0,15
246,8	1,07	0,15
246,901	1,075	0,15
247,001	1,075	0,15
247,101	1,075	0,15
247,2	1,075	0,15
247,3	1,075	0,15
247,4	1,075	0,15
247,501	1,07	0,15
247,601	1,07	0,15
247,701	1,07	0,155
247,8	1,075	0,15
247,9	1,07	0,155
248,029	1,07	0,15
248,117	1,07	0,15
248,201	1,07	0,15
248,3	1,07	0,15
248,4	1,07	0,15
248,5	1,07	0,155
248,6	1,07	0,155
248,7	1,07	0,155
248,8	1,07	0,15
248,9	1,065	0,155
249	1,065	0,155
249,1	1,065	0,155
249,2	1,065	0,15
249,341	1,06	0,15
249,401	1,065	0,155
249,513	1,06	0,15
249,604	1,065	0,155
249,701	1,065	0,15
249,812	1,065	0,15
249,9	1,06	0,155
250,022	1,065	0,155
250,101	1,065	0,15
250,199	1,065	0,155
250,299	1,06	0,15
250,4	1,06	0,155
250,5	1,06	0,155
250,6	1,065	0,155
250,7	1,06	0,155
250,799	1,065	0,15
250,899	1,06	0,155
251,025	1,06	0,155
251,1	1,06	0,155
251,199	1,06	0,155
251,328	1,06	0,16
251,441	1,06	0,155
251,5	1,055	0,155
251,599	1,06	0,155
251,7	1,06	0,16
251,8	1,055	0,155
251,899	1,06	0,155
251,999	1,06	0,155
252,1	1,06	0,16
252,199	1,055	0,155
252,299	1,06	0,155
252,399	1,055	0,155
252,5	1,055	0,155
252,6	1,055	0,155
252,701	1,055	0,155
252,799	1,055	0,155
252,899	1,055	0,155
253,025	1,055	0,155
253,099	1,05	0,155
253,199	1,05	0,155
253,3	1,055	0,16
253,399	1,055	0,155
253,5	1,055	0,16
253,6	1,055	0,16
253,699	1,05	0,16
253,799	1,05	0,155
253,9	1,05	0,16
253,999	1,05	0,155
254,127	1,05	0,155
254,199	1,05	0,155
254,299	1,045	0,155
254,4	1,045	0,16
254,499	1,05	0,155
254,6	1,05	0,155
254,699	1,05	0,16
254,799	1,05	0,155
254,9	1,045	0,16
255	1,045	0,155
255,099	1,05	0,155
255,2	1,045	0,16
255,3	1,05	0,155
255,411	1,05	0,155
255,5	1,045	0,16
255,626	1,045	0,16
255,716	1,045	0,16
255,8	1,045	0,155
255,899	1,055	0,155
256,001	1,045	0,16
256,099	1,04	0,16
256,199	1,045	0,16
256,3	1,045	0,16
256,4	1,045	0,16
256,503	1,045	0,155
256,609	1,04	0,16
256,699	1,045	0,155
256,8	1,045	0,16
256,921	1,04	0,16
256,999	1,04	0,16
257,101	1,04	0,16
257,201	1,045	0,16
257,3	1,035	0,16
257,4	1,04	0,16
257,5	1,04	0,16
257,606	1,04	0,16
257,701	1,04	0,16
257,8	1,04	0,16
257,901	1,04	0,16
258,001	1,04	0,16
258,1	1,04	0,16
258,201	1,04	0,16
258,3	1,04	0,165
258,401	1,04	0,16
258,5	1,035	0,155
258,601	1,04	0,16
258,701	1,035	0,16
258,801	1,04	0,16
258,901	1,035	0,16
259	1,035	0,16
259,14	1,035	0,165
259,201	1,035	0,165
259,301	1,035	0,165
259,4	1,035	0,16
259,501	1,035	0,16
259,599	1,03	0,16
259,701	1,035	0,165
259,8	1,035	0,165
259,9	1,035	0,16
260,001	1,035	0,16
260,101	1,03	0,16
260,201	1,03	0,16
260,301	1,035	0,16
260,401	1,03	0,16
260,501	1,035	0,16
260,601	1,03	0,165
260,701	1,03	0,165
260,801	1,03	0,16
260,901	1,03	0,16
261	1,03	0,165
261,118	1,04	0,16
261,201	1,035	0,16
261,301	1,03	0,16
261,401	1,035	0,16
261,501	1,03	0,165
261,601	1,035	0,16
261,701	1,03	0,16
261,801	1,03	0,165
261,901	1,03	0,16
262,011	1,03	0,16
262,1	1,03	0,165
262,233	1,03	0,165
262,301	1,03	0,16
262,422	1,03	0,16
262,5	1,03	0,16
262,601	1,03	0,16
262,701	1,03	0,16
262,801	1,03	0,165
262,934	1,03	0,165
263,012	1,025	0,165
263,101	1,025	0,16
263,2	1,03	0,16
263,308	1,03	0,165
263,401	1,025	0,16
263,501	1,025	0,16
263,607	1,02	0,165
263,701	1,025	0,16
263,801	1,03	0,165
263,901	1,025	0,16
264,03	1,025	0,165
264,099	1,025	0,16
264,201	1,025	0,165
264,3	1,02	0,165
264,401	1,025	0,165
264,501	1,02	0,165
264,601	1,02	0,16
264,722	1,025	0,165
264,801	1,025	0,165
264,901	1,025	0,165
265,001	1,025	0,165
265,101	1,025	0,165
265,201	1,025	0,165
265,3	1,02	0,165
265,401	1,02	0,165
265,501	1,015	0,165
265,611	1,02	0,16
265,701	1,02	0,165
265,8	1,02	0,165
265,9	1,02	0,165
266,001	1,015	0,165
266,1	1,02	0,16
266,201	1,02	0,17
266,326	1,015	0,165
266,401	1,02	0,165
266,5	1,015	0,165
266,601	1,02	0,165
266,701	1,02	0,165
266,8	1,015	0,165
266,901	1,025	0,165
267,001	1,015	0,165
267,101	1,015	0,165
267,201	1,02	0,165
267,324	1,015	0,165
267,43	1,015	0,17
267,5	1,015	0,17
267,601	1,015	0,165
267,7	1,015	0,165
267,801	1,015	0,165
267,901	1,01	0,165
268,001	1,01	0,165
268,101	1,015	0,165
268,233	1,01	0,17
268,301	1,01	0,165
268,401	1,01	0,165
268,5	1,01	0,17
268,601	1,02	0,17
268,7	1,015	0,165
268,8	1,01	0,17
268,901	1,01	0,165
269,001	1,01	0,165
269,101	1,01	0,165
269,201	1,01	0,17
269,319	1,005	0,165
269,401	1,01	0,165
269,501	1,01	0,165
269,601	1,005	0,165
269,7	1,01	0,165
269,801	1,005	0,165
269,901	1,005	0,17
270,001	1,01	0,165
270,101	1,01	0,17
270,219	1,01	0,165
270,301	1,01	0,165
270,401	1,005	0,165
270,5	1,005	0,17
270,601	1,01	0,17
270,701	1,005	0,17
270,801	1,005	0,165
270,9	1,005	0,17
271,001	1,005	0,17
271,101	1,005	0,165
271,22	1,005	0,165
271,301	1,005	0,17
271,413	1,005	0,165
271,501	1,005	0,17
271,633	1,005	0,17
271,701	1,005	0,17
271,799	1,005	0,165
271,901	1	0,165
272,001	1	0,17
272,101	1	0,165
272,21	1	0,17
272,3	1	0,17
272,399	1,005	0,165
272,5	1	0,17
272,601	1,005	0,17
272,701	0,995	0,17
272,8	1	0,17
272,901	1	0,165
273	1	0,165
273,101	1	0,17
273,199	0,995	0,17
273,301	1	0,17
273,4	0,995	0,175
273,501	0,995	0,175
273,599	0,995	0,17
273,7	1	0,17
273,8	1	0,17
273,901	0,995	0,17
274	1	0,175
274,101	1	0,17
274,201	0,995	0,17
274,299	1	0,165
274,4	1	0,17
274,5	0,99	0,17
274,601	0,995	0,17
274,7	0,995	0,17
274,801	0,995	0,17
274,901	0,995	0,17
275,001	0,995	0,175
275,101	0,995	0,17
275,201	0,99	0,17
275,301	0,995	0,17
275,4	0,99	0,17
275,501	0,99	0,17
275,6	0,99	0,17
275,7	0,99	0,17
275,801	0,995	0,17
275,901	0,99	0,17
276,001	0,99	0,17
276,101	0,99	0,17
276,201	0,99	0,17
276,3	0,99	0,17
276,401	0,985	0,175
276,501	0,99	0,175
276,601	0,99	0,17
276,701	0,99	0,17
276,801	0,985	0,17
276,9	0,99	0,17
277,001	0,985	0,17
277,101	0,985	0,17
277,212	0,99	0,17
277,3	0,985	0,17
277,415	0,99	0,17
277,501	0,99	0,175
277,601	0,985	0,17
277,701	0,985	0,17
277,8	0,99	0,17
277,901	0,98	0,175
278,001	0,985	0,17
278,101	0,99	0,17
278,215	0,985	0,17
278,301	0,985	0,17
278,401	0,985	0,17
278,501	0,985	0,17
278,6	0,985	0,175
278,737	0,985	0,17
278,801	0,985	0,175
278,901	0,98	0,17
279,001	0,98	0,17
279,101	0,98	0,17
279,201	0,985	0,17
279,301	0,98	0,17
279,4	0,975	0,17
279,501	0,98	0,175
279,601	0,98	0,175
279,701	0,985	0,175
279,801	0,98	0,175
279,901	0,98	0,175
280,001	0,975	0,175
280,101	0,98	0,17
280,233	0,98	0,175
280,304	0,98	0,175
280,401	0,975	0,175
280,501	0,975	0,175
280,601	0,975	0,17
280,7	0,98	0,17
280,8	0,975	0,17
280,9	0,975	0,17
281	0,975	0,175
281,136	0,98	0,175
281,199	0,975	0,17
281,3	0,975	0,175
281,401	0,975	0,175
281,501	0,97	0,175
281,599	0,975	0,175
281,7	0,97	0,17
281,8	0,975	0,17
281,9	0,975	0,175
282	0,97	0,175
282,1	0,975	0,175
282,199	0,975	0,175
282,3	0,97	0,175
282,4	0,97	0,17
282,5	0,97	0,175
282,6	0,98	0,175
282,7	0,97	0,175
282,799	0,97	0,175
282,954	0,975	0,175
283,013	0,97	0,175
283,099	0,97	0,175
283,2	0,97	0,175
283,315	0,97	0,175
283,399	0,97	0,175
283,5	0,97	0,175
283,6	0,97	0,17
283,719	0,97	0,175
283,799	0,97	0,175
283,9	0,97	0,175
283,999	0,97	0,18
284,099	0,97	0,175
284,2	0,97	0,175
284,301	0,965	0,175
284,399	0,965	0,175
284,5	0,97	0,175
284,6	0,97	0,175
284,7	0,97	0,175
284,8	0,965	0,175
284,9	0,965	0,175
285	0,965	0,175
285,1	0,965	0,18
285,2	0,965	0,18
285,3	0,965	0,18
285,4	0,965	0,175
285,5	0,965	0,175
285,6	0,965	0,18
285,7	0,96	0,175
285,8	0,965	0,18
285,9	0,965	0,175
286,181	0,965	0,175
286,238	0,965	0,175
286,25	0,965	0,175
286,299	0,96	0,18
286,4	0,96	0,175
286,5	0,96	0,18
286,6	0,96	0,18
286,7	0,96	0,18
286,8	0,96	0,175
286,9	0,96	0,175
287,115	0,96	0,175
287,147	0,96	0,18
287,2	0,96	0,175
287,299	0,96	0,18
287,406	0,96	0,175
287,5	0,96	0,175
287,6	0,96	0,18
287,914	0,955	0,18
287,927	0,96	0,175
287,938	0,96	0,18
287,999	0,96	0,18
288,1	0,96	0,18
288,2	0,96	0,175
288,3	0,955	0,175
288,401	0,955	0,18
288,5	0,96	0,18
288,6	0,955	0,175
288,7	0,96	0,18
288,8	0,955	0,18
289,008	0,955	0,175
289,032	0,96	0,18
289,1	0,955	0,18
289,2	0,955	0,175
289,3	0,955	0,175
289,4	0,955	0,18
289,5	0,955	0,18
289,6	0,955	0,18
289,708	0,955	0,175
289,8	0,95	0,18
289,9	0,96	0,18
289,999	0,955	0,18
290,1	0,955	0,18
290,2	0,95	0,18
290,301	0,95	0,18
290,4	0,95	0,18
290,5	0,955	0,18
290,599	0,96	0,175
290,7	0,95	0,185
290,8	0,95	0,18
290,9	0,955	0,18
291	0,95	0,18
291,099	0,95	0,18
291,322	0,95	0,18
291,416	0,95	0,18
291,529	0,95	0,18
291,544	0,95	0,18
291,601	0,95	0,18
291,699	0,95	0,18
291,801	0,945	0,18
291,899	0,945	0,18
292	0,945	0,18
292,101	0,945	0,18
292,201	0,95	0,18
292,3	0,945	0,18
292,4	0,945	0,18
292,501	0,945	0,18
292,6	0,945	0,18
292,701	0,945	0,18
292,802	0,95	0,18
292,901	0,945	0,18
293,02	0,945	0,18
293,101	0,945	0,18
293,2	0,94	0,18
293,301	0,945	0,18
293,4	0,94	0,18
293,63	0,94	0,18
293,643	0,945	0,18
293,918	0,945	0,18
294,052	0,945	0,18
294,096	0,945	0,18
294,108	0,94	0,18
294,168	0,945	0,18
294,209	0,94	0,18
294,301	0,945	0,18
294,401	0,94	0,185
294,501	0,94	0,18
294,601	0,945	0,185
294,699	0,94	0,18
294,841	0,94	0,18
294,901	0,945	0,18
295	0,94	0,18
295,121	0,935	0,18
295,201	0,94	0,18
295,3	0,94	0,18
295,4	0,94	0,185
295,501	0,94	0,18
295,6	0,94	0,18
295,7	0,935	0,18
295,801	0,945	0,185
295,901	0,94	0,18
296,001	0,935	0,18
296,101	0,935	0,18
296,201	0,94	0,18
296,301	0,935	0,18
296,4	0,935	0,18
296,499	0,935	0,18
296,746	0,935	0,18
296,765	0,935	0,18
296,809	0,935	0,18
296,901	0,935	0,185
297	0,935	0,18
297,1	0,935	0,18
297,2	0,935	0,185
297,3	0,935	0,18
297,399	0,93	0,18
297,5	0,93	0,18
297,636	0,935	0,18
297,715	0,93	0,18
297,8	0,93	0,185
297,9	0,935	0,185
298,059	0,93	0,185
298,207	0,935	0,185
298,234	0,93	0,18
298,3	0,935	0,18
298,457	0,93	0,185
298,5	0,935	0,185
298,601	0,93	0,18
298,701	0,935	0,18
298,801	0,93	0,18
298,9	0,93	0,185
299	0,93	0,185
299,111	0,93	0,18
299,2	0,925	0,185
299,3	0,93	0,18
299,401	0,93	0,185
299,499	0,925	0,185
299,6	0,93	0,185
299,7	0,93	0,18
299,8	0,93	0,185
299,9	0,93	0,185
300	0,93	0,185
300,101	0,93	0,18
300,234	0,925	0,18
300,3	0,925	0,18
300,66	0,93	0,18
300,726	0,925	0,185
300,742	0,94	0,185
300,755	0,93	0,185
300,799	0,925	0,185
300,9	0,93	0,185
301	0,925	0,19
301,101	0,925	0,19
301,2	0,92	0,185
301,3	0,93	0,185
301,4	0,92	0,18
301,499	0,925	0,185
301,6	0,925	0,185
301,7	0,92	0,185
301,8	0,925	0,185
301,9	0,925	0,185
302	0,92	0,185
302,312	0,925	0,18
302,472	0,92	0,185
302,484	0,92	0,185
302,495	0,925	0,185
302,506	0,92	0,18
302,6	0,92	0,185
302,7	0,92	0,185
302,806	0,925	0,19
302,9	0,92	0,185
303,023	0,92	0,185
303,1	0,92	0,185
303,2	0,915	0,185
303,3	0,92	0,185
303,407	0,92	0,185
303,5	0,915	0,18
303,6	0,92	0,185
303,7	0,92	0,185
303,8	0,92	0,185
303,9	0,92	0,185
304	0,915	0,18
304,1	0,925	0,185
304,199	0,92	0,185
304,3	0,92	0,185
304,422	0,915	0,185
304,5	0,92	0,185
304,6	0,92	0,19
304,699	0,915	0,185
304,8	0,915	0,185
304,9	0,915	0,185
305	0,915	0,185
305,103	0,915	0,185
305,229	0,92	0,185
305,3	0,915	0,19
305,4	0,91	0,185
305,684	0,91	0,185
305,723	0,91	0,185
305,75	0,915	0,185
305,799	0,915	0,18
305,9	0,91	0,185
306	0,915	0,185
306,1	0,915	0,185
306,2	0,915	0,19
306,3	0,91	0,185
306,4	0,91	0,185
306,5	0,91	0,185
306,6	0,91	0,19
306,7	0,91	0,185
306,8	0,91	0,185
306,901	0,905	0,185
307	0,915	0,19
307,1	0,91	0,185
307,2	0,905	0,185
307,316	0,91	0,185
307,4	0,91	0,185
307,5	0,91	0,19
307,6	0,91	0,185
307,717	0,91	0,19
307,865	0,905	0,19
307,9	0,905	0,19
308	0,91	0,185
308,104	0,905	0,185
308,202	0,905	0,185
308,3	0,905	0,185
308,401	0,915	0,185
308,5	0,905	0,185
308,6	0,905	0,19
308,701	0,905	0,19
308,801	0,91	0,19
308,901	0,905	0,19
309	0,905	0,19
309,1	0,905	0,185
309,207	0,905	0,19
309,301	0,905	0,185
309,401	0,905	0,19
309,501	0,905	0,185
309,601	0,91	0,185
309,7	0,905	0,19
309,8	0,905	0,19
309,901	0,905	0,19
310	0,905	0,19
310,101	0,9	0,19
310,201	0,905	0,19
310,301	0,905	0,19
310,4	0,9	0,19
310,5	0,9	0,19
310,601	0,9	0,19
310,701	0,905	0,19
310,801	0,905	0,19
310,901	0,905	0,19
311,001	0,9	0,19
311,101	0,9	0,19
311,2	0,905	0,19
311,301	0,9	0,19
311,4	0,9	0,19
311,518	0,9	0,19
311,6	0,9	0,185
311,7	0,9	0,19
311,799	0,9	0,185
311,9	0,9	0,19
312,001	0,905	0,19
312,1	0,9	0,19
312,201	0,9	0,19
312,301	0,9	0,19
312,401	0,9	0,19
312,501	0,9	0,19
312,601	0,895	0,19
312,701	0,895	0,19
312,801	0,9	0,19
312,9	0,895	0,19
313,001	0,895	0,19
313,101	0,9	0,19
313,201	0,9	0,19
313,3	0,9	0,19
313,4	0,895	0,19
313,501	0,89	0,19
313,601	0,895	0,19
313,713	0,895	0,19
313,801	0,895	0,19
313,901	0,895	0,19
314,001	0,895	0,19
314,101	0,895	0,19
314,201	0,895	0,19
314,3	0,89	0,19
314,401	0,89	0,19
314,512	0,895	0,19
314,601	0,89	0,19
314,701	0,89	0,19
314,8	0,895	0,19
314,901	0,89	0,19
315,001	0,895	0,19
315,101	0,89	0,19
315,201	0,89	0,19
315,301	0,885	0,19
315,401	0,89	0,195
315,501	0,89	0,19
315,601	0,89	0,19
315,701	0,89	0,195
315,8	0,89	0,19
315,902	0,89	0,19
316,001	0,89	0,19
316,101	0,89	0,19
316,201	0,885	0,19
316,301	0,89	0,19
316,401	0,89	0,19
316,501	0,89	0,19
316,601	0,89	0,195
316,72	0,89	0,19
316,85	0,885	0,19
316,9	0,89	0,195
317,001	0,885	0,19
317,1	0,885	0,19
317,204	0,885	0,19
317,301	0,89	0,195
317,401	0,885	0,19
317,5	0,885	0,19
317,601	0,89	0,19
317,701	0,885	0,19
317,813	0,89	0,195
317,901	0,885	0,19
318,001	0,885	0,19
318,101	0,88	0,19
318,201	0,885	0,19
318,301	0,89	0,19
318,401	0,895	0,19
318,501	0,885	0,19
318,601	0,885	0,19
318,7	0,885	0,19
318,8	0,885	0,195
318,899	0,88	0,19
319	0,885	0,195
319,101	0,88	0,19
319,2	0,88	0,19
319,3	0,885	0,19
319,401	0,88	0,19
319,501	0,88	0,19
319,6	0,88	0,195
319,7	0,885	0,19
319,801	0,88	0,19
319,9	0,88	0,19
320,011	0,88	0,19
320,099	0,88	0,19
320,199	0,88	0,195
320,301	0,88	0,19
320,4	0,88	0,19
320,5	0,875	0,195
320,6	0,88	0,195
320,701	0,875	0,195
320,8	0,88	0,19
320,901	0,88	0,195
321	0,88	0,195
321,1	0,88	0,195
321,199	0,88	0,195
321,313	0,88	0,195
321,4	0,875	0,195
321,5	0,88	0,195
321,6	0,88	0,19
321,7	0,88	0,195
321,8	0,875	0,19
321,9	0,875	0,19
322	0,875	0,19
322,1	0,875	0,19
322,201	0,875	0,19
322,301	0,88	0,19
322,4	0,875	0,195
322,5	0,875	0,19
322,606	0,875	0,195
322,708	0,875	0,195
322,8	0,87	0,195
322,907	0,885	0,19
323	0,875	0,19
323,1	0,875	0,195
323,219	0,87	0,19
323,3	0,875	0,195
323,4	0,87	0,19
323,5	0,875	0,195
323,62	0,875	0,195
323,7	0,87	0,195
323,801	0,87	0,19
323,9	0,87	0,195
324	0,87	0,195
324,1	0,87	0,195
324,2	0,87	0,195
324,3	0,87	0,195
324,4	0,87	0,195
324,501	0,875	0,195
324,62	0,87	0,195
324,701	0,87	0,195
324,8	0,87	0,195
324,901	0,87	0,19
325	0,87	0,19
325,105	0,87	0,19
325,199	0,865	0,19
325,3	0,865	0,195
325,4	0,87	0,195
325,5	0,865	0,195
325,6	0,865	0,195
325,7	0,87	0,195
325,8	0,865	0,195
325,901	0,865	0,195
326,006	0,87	0,195
326,129	0,87	0,195
326,202	0,865	0,195
326,3	0,87	0,195
326,4	0,87	0,195
326,5	0,865	0,195
326,6	0,865	0,195
326,701	0,86	0,195
326,8	0,865	0,195
326,901	0,865	0,2
327	0,865	0,195
327,101	0,865	0,195
327,201	0,865	0,195
327,301	0,865	0,195
327,401	0,865	0,195
327,501	0,86	0,2
327,612	0,865	0,195
327,701	0,865	0,195
327,801	0,865	0,195
327,9	0,86	0,195
328,001	0,86	0,195
328,101	0,86	0,195
328,201	0,86	0,195
328,301	0,87	0,2
328,401	0,86	0,195
328,501	0,86	0,195
328,601	0,86	0,195
328,701	0,86	0,2
328,801	0,86	0,195
328,901	0,86	0,195
329,001	0,86	0,195
329,101	0,86	0,195
329,2	0,855	0,195
329,301	0,86	0,195
329,4	0,86	0,195
329,501	0,86	0,195
329,601	0,855	0,195
329,702	0,86	0,195
329,801	0,86	0,195
329,901	0,855	0,2
330,001	0,86	0,195
330,127	0,86	0,2
330,201	0,86	0,195
330,3	0,855	0,195
330,401	0,86	0,195
330,501	0,86	0,195
330,6	0,855	0,2
330,7	0,86	0,2
330,801	0,855	0,195
330,901	0,855	0,195
331,013	0,855	0,195
331,101	0,855	0,2
331,2	0,86	0,195
331,3	0,855	0,195
331,401	0,855	0,195
331,501	0,855	0,195
331,6	0,855	0,2
331,701	0,855	0,195
331,801	0,855	0,195
331,901	0,85	0,2
332,001	0,855	0,195
332,101	0,85	0,2
332,201	0,86	0,2
332,301	0,85	0,2
332,432	0,85	0,195
332,501	0,85	0,2
332,601	0,855	0,195
332,711	0,855	0,195
332,8	0,855	0,195
332,9	0,855	0,2
333	0,86	0,195
333,101	0,85	0,195
333,2	0,85	0,195
333,316	0,85	0,2
333,413	0,855	0,2
333,501	0,855	0,2
333,601	0,85	0,195
333,729	0,85	0,195
333,801	0,855	0,195
333,901	0,85	0,2
334,001	0,85	0,2
334,101	0,85	0,195
334,201	0,85	0,2
334,313	0,85	0,195
334,407	0,85	0,2
334,501	0,845	0,2
334,601	0,85	0,195
334,7	0,85	0,2
334,829	0,85	0,2
334,901	0,845	0,195
335	0,845	0,2
335,101	0,845	0,195
335,201	0,845	0,2
335,301	0,845	0,2
335,401	0,85	0,2
335,501	0,85	0,195
335,601	0,85	0,2
335,701	0,845	0,2
335,801	0,845	0,195
335,914	0,845	0,2
336,001	0,845	0,2
336,101	0,85	0,195
336,201	0,85	0,195
336,301	0,845	0,195
336,407	0,845	0,2
336,501	0,845	0,195
336,601	0,845	0,2
336,701	0,845	0,2
336,801	0,845	0,195
336,901	0,84	0,2
337,005	0,845	0,2
337,105	0,845	0,195
337,259	0,845	0,2
337,325	0,84	0,195
337,419	0,84	0,195
337,501	0,845	0,195
337,601	0,84	0,2
337,701	0,845	0,2
337,801	0,845	0,2
337,901	0,84	0,2
338	0,845	0,195
338,101	0,845	0,195
338,201	0,84	0,195
338,301	0,84	0,2
338,401	0,84	0,2
338,5	0,84	0,2
338,601	0,84	0,2
338,7	0,84	0,2
338,801	0,84	0,2
338,901	0,845	0,2
339,001	0,84	0,2
339,101	0,84	0,2
339,201	0,84	0,2
339,3	0,84	0,2
339,401	0,835	0,2
339,501	0,84	0,2
339,6	0,845	0,195
339,701	0,835	0,2
339,801	0,84	0,2
339,901	0,835	0,2
340	0,835	0,2
340,101	0,835	0,2
340,201	0,84	0,2
340,301	0,84	0,2
340,4	0,835	0,195
340,501	0,84	0,2
340,6	0,835	0,2
340,701	0,835	0,195
340,804	0,84	0,2
340,911	0,835	0,2
341,001	0,835	0,2
341,1	0,835	0,2
341,208	0,835	0,2
341,3	0,835	0,2
341,401	0,835	0,2
341,5	0,835	0,2
341,6	0,83	0,2
341,701	0,835	0,2
341,801	0,835	0,2
341,9	0,835	0,2
342	0,835	0,2
342,1	0,835	0,2
342,2	0,835	0,2
342,3	0,83	0,2
342,4	0,835	0,2
342,501	0,83	0,2
342,601	0,83	0,2
342,72	0,835	0,2
342,825	0,83	0,2
342,9	0,83	0,2
343	0,835	0,2
343,1	0,83	0,2
343,2	0,83	0,2
343,299	0,83	0,2
343,4	0,835	0,2
343,5	0,83	0,2
343,601	0,83	0,2
343,701	0,83	0,2
343,8	0,835	0,2
343,9	0,83	0,2
344,001	0,83	0,2
344,101	0,83	0,2
344,201	0,83	0,2
344,301	0,83	0,2
344,401	0,83	0,195
344,501	0,83	0,2
344,601	0,825	0,2
344,701	0,825	0,2
344,801	0,825	0,2
344,901	0,83	0,2
345	0,825	0,2
345,101	0,825	0,2
345,201	0,825	0,2
345,3	0,825	0,2
345,4	0,825	0,2
345,501	0,825	0,205
345,601	0,825	0,2
345,712	0,83	0,2
345,801	0,825	0,2
345,901	0,825	0,2
346,015	0,825	0,205
346,131	0,82	0,2
346,2	0,83	0,2
346,301	0,825	0,2
346,401	0,825	0,2
346,501	0,825	0,205
346,601	0,825	0,2
346,701	0,825	0,2
346,801	0,825	0,2
346,901	0,82	0,205
347,001	0,82	0,2
347,101	0,82	0,2
347,201	0,825	0,2
347,301	0,825	0,2
347,456	0,82	0,2
347,501	0,825	0,205
347,652	0,825	0,2
347,701	0,82	0,2
347,801	0,82	0,2
347,901	0,82	0,2
348,01	0,82	0,2
348,101	0,82	0,2
348,201	0,825	0,2
348,3	0,825	0,205
348,401	0,82	0,2
348,501	0,82	0,2
348,601	0,82	0,2
348,7	0,82	0,2
348,8	0,82	0,2
348,901	0,82	0,2
349	0,82	0,2
349,1	0,815	0,2
349,201	0,82	0,2
349,3	0,82	0,2
349,401	0,82	0,2
349,501	0,82	0,2
349,6	0,82	0,2
349,7	0,82	0,2
349,801	0,82	0,2
349,902	0,82	0,2
350	0,82	0,2
350,101	0,82	0,2
350,201	0,82	0,2
350,301	0,815	0,2
350,4	0,82	0,205
350,501	0,815	0,205
350,601	0,82	0,2
350,701	0,815	0,2
350,801	0,82	0,2
350,901	0,82	0,2
351,015	0,815	0,205
351,101	0,815	0,205
351,201	0,815	0,2
351,322	0,815	0,195
351,4	0,815	0,2
351,501	0,815	0,2
351,601	0,815	0,2
351,701	0,815	0,195
351,825	0,81	0,2
351,901	0,815	0,195
352,002	0,815	0,2
352,101	0,815	0,2
352,201	0,815	0,2
352,313	0,815	0,2
352,401	0,81	0,2
352,5	0,81	0,2
352,601	0,81	0,2
352,701	0,81	0,2
352,801	0,815	0,2
352,9	0,815	0,2
353	0,81	0,2
353,105	0,81	0,2
353,199	0,81	0,2
353,3	0,81	0,2
353,401	0,815	0,2
353,5	0,81	0,195
353,633	0,81	0,2
353,699	0,815	0,2
353,8	0,81	0,195
353,9	0,81	0,2
354	0,81	0,2
354,1	0,81	0,2
354,2	0,815	0,2
354,3	0,82	0,2
354,4	0,81	0,2
354,5	0,815	0,2
354,6	0,815	0,205
354,7	0,81	0,2
354,8	0,81	0,2
354,913	0,815	0,205
355	0,81	0,2
355,1	0,805	0,2
355,2	0,81	0,2
355,3	0,81	0,2
355,402	0,81	0,2
355,5	0,805	0,2
355,6	0,81	0,2
355,7	0,81	0,195
355,8	0,805	0,2
355,899	0,81	0,2
356	0,81	0,2
356,099	0,81	0,2
356,219	0,805	0,2
356,299	0,81	0,2
356,4	0,81	0,2
356,5	0,805	0,2
356,6	0,81	0,2
356,699	0,805	0,2
356,8	0,805	0,205
356,9	0,81	0,2
357	0,81	0,205
357,1	0,805	0,2
357,2	0,805	0,205
357,3	0,8	0,2
357,4	0,81	0,2
357,5	0,805	0,2
357,6	0,805	0,2
357,7	0,805	0,2
357,8	0,805	0,195
357,9	0,805	0,2
358	0,805	0,2
358,1	0,8	0,2
358,199	0,805	0,2
358,3	0,805	0,2
358,399	0,805	0,2
358,5	0,805	0,2
358,6	0,805	0,2
358,7	0,8	0,2
358,8	0,805	0,2
358,9	0,8	0,2
359	0,8	0,205
359,099	0,8	0,2
359,199	0,805	0,2
359,3	0,8	0,2
359,4	0,8	0,205
359,5	0,8	0,2
359,6	0,8	0,2
359,7	0,805	0,2
359,8	0,795	0,205
359,9	0,8	0,2
360	0,8	0,2
360,1	0,8	0,2
360,2	0,795	0,205
360,3	0,8	0,2
360,4	0,8	0,2
360,516	0,8	0,205
360,6	0,8	0,205
360,7	0,795	0,2
360,8	0,8	0,2
360,901	0,795	0,205
361,004	0,8	0,2
361,099	0,8	0,2
361,2	0,795	0,205
361,299	0,795	0,205
361,401	0,795	0,205
361,5	0,8	0,2
361,6	0,795	0,205
361,699	0,795	0,2
361,801	0,795	0,2
361,901	0,8	0,205
362,001	0,795	0,205
362,099	0,795	0,2
362,201	0,795	0,2
362,301	0,795	0,2
362,401	0,795	0,205
362,533	0,795	0,205
362,601	0,795	0,2
362,7	0,795	0,2
362,801	0,8	0,2
362,9	0,795	0,205
363,001	0,795	0,2
363,114	0,795	0,2
363,201	0,795	0,205
363,3	0,795	0,2
363,401	0,795	0,2
363,501	0,795	0,2
363,601	0,79	0,205
363,701	0,79	0,2
363,814	0,795	0,205
363,901	0,8	0,205
364,001	0,795	0,2
364,1	0,79	0,205
364,201	0,79	0,205
364,301	0,795	0,205
364,4	0,79	0,2
364,501	0,79	0,2
364,6	0,79	0,2
364,7	0,79	0,2
364,803	0,79	0,2
364,9	0,79	0,2
365	0,79	0,2
365,099	0,79	0,2
365,2	0,79	0,2
365,299	0,79	0,2
365,4	0,79	0,205
365,501	0,79	0,205
365,6	0,79	0,2
365,7	0,79	0,2
365,801	0,79	0,2
365,9	0,785	0,2
366,001	0,79	0,2
366,101	0,79	0,205
366,2	0,79	0,205
366,3	0,785	0,2
366,401	0,79	0,2
366,5	0,79	0,2
366,6	0,79	0,2
366,7	0,79	0,2
366,801	0,79	0,2
366,9	0,79	0,2
367,001	0,79	0,205
367,1	0,79	0,205
367,2	0,79	0,205
367,3	0,785	0,205
367,399	0,79	0,2
367,5	0,79	0,205
367,6	0,79	0,2
367,744	0,785	0,205
367,846	0,785	0,205
367,937	0,785	0,205
367,999	0,785	0,205
368,1	0,785	0,205
368,2	0,785	0,2
368,3	0,785	0,2
368,4	0,785	0,2
368,5	0,785	0,205
368,618	0,79	0,205
368,699	0,785	0,205
368,8	0,785	0,2
368,943	0,785	0,2
368,999	0,79	0,2
369,1	0,785	0,2
369,199	0,78	0,205
369,3	0,78	0,205
369,4	0,785	0,205
369,5	0,785	0,205
369,61	0,785	0,2
369,718	0,785	0,2
369,799	0,78	0,2
369,9	0,78	0,205
370	0,78	0,205
370,1	0,78	0,205
370,201	0,78	0,2
370,3	0,78	0,205
370,399	0,78	0,205
370,5	0,78	0,2
370,6	0,78	0,205
370,7	0,78	0,205
370,803	0,78	0,205
370,9	0,78	0,205
371	0,78	0,205
371,1	0,78	0,205
371,2	0,78	0,205
371,3	0,78	0,2
371,4	0,78	0,205
371,499	0,78	0,2
371,6	0,78	0,205
371,71	0,775	0,205
371,812	0,775	0,205
371,9	0,775	0,2
372,028	0,78	0,205
372,1	0,775	0,205
372,2	0,775	0,205
372,328	0,775	0,2
372,441	0,775	0,205
372,5	0,78	0,2
372,6	0,78	0,205
372,701	0,775	0,205
372,8	0,775	0,205
372,96	0,775	0,2
373,006	0,775	0,2
373,1	0,78	0,205
373,2	0,775	0,2
373,3	0,775	0,205
373,4	0,78	0,205
373,499	0,77	0,205
373,6	0,775	0,205
373,7	0,775	0,205
373,8	0,775	0,205
373,9	0,775	0,205
374	0,775	0,205
374,1	0,77	0,205
374,2	0,775	0,205
374,299	0,77	0,205
374,399	0,775	0,205
374,499	0,775	0,205
374,6	0,77	0,205
374,701	0,775	0,205
374,8	0,775	0,205
374,906	0,775	0,205
375	0,77	0,205
375,1	0,775	0,2
375,2	0,77	0,2
375,3	0,77	0,205
375,401	0,765	0,205
375,5	0,77	0,21
375,6	0,77	0,205
375,713	0,775	0,2
375,8	0,775	0,205
375,9	0,77	0,205
375,999	0,77	0,205
376,099	0,77	0,205
376,2	0,77	0,205
376,3	0,77	0,2
376,4	0,77	0,2
376,513	0,765	0,205
376,613	0,765	0,205
376,7	0,77	0,205
376,851	0,77	0,21
376,899	0,765	0,2
377	0,765	0,205
377,1	0,77	0,21
377,2	0,77	0,205
377,3	0,77	0,205
377,4	0,77	0,205
377,508	0,765	0,21
377,6	0,77	0,21
377,7	0,77	0,205
377,8	0,765	0,205
377,9	0,77	0,205
378,037	0,765	0,21
378,154	0,77	0,205
378,218	0,765	0,21
378,3	0,765	0,205
378,401	0,765	0,205
378,513	0,77	0,205
378,6	0,765	0,205
378,7	0,765	0,205
378,805	0,77	0,205
378,9	0,765	0,21
379	0,765	0,205
379,131	0,765	0,21
379,222	0,76	0,205
379,335	0,76	0,205
379,401	0,78	0,205
379,501	0,765	0,205
379,599	0,765	0,205
379,716	0,765	0,21
379,801	0,765	0,205
379,9	0,76	0,21
380,001	0,765	0,205
380,101	0,765	0,21
380,201	0,76	0,205
380,301	0,765	0,205
380,4	0,76	0,21
380,501	0,76	0,205
380,601	0,76	0,21
380,701	0,76	0,21
380,801	0,76	0,21
380,9	0,76	0,205
381,001	0,765	0,21
381,101	0,765	0,21
381,201	0,76	0,21
381,301	0,765	0,205
381,403	0,76	0,205
381,501	0,755	0,205
381,601	0,76	0,21
381,701	0,76	0,205
381,801	0,76	0,205
381,901	0,76	0,205
382,001	0,76	0,205
382,1	0,76	0,2
382,201	0,765	0,205
382,338	0,755	0,205
382,401	0,76	0,205
382,501	0,76	0,21
382,601	0,76	0,205
382,727	0,755	0,21
382,8	0,76	0,205
382,9	0,76	0,205
383,001	0,76	0,21
383,133	0,755	0,205
383,2	0,76	0,205
383,301	0,76	0,205
383,4	0,76	0,205
383,5	0,76	0,21
383,6	0,76	0,205
383,701	0,76	0,205
383,801	0,755	0,205
383,901	0,77	0,205
384,001	0,76	0,21
384,101	0,755	0,205
384,2	0,755	0,205
384,301	0,76	0,205
384,401	0,76	0,205
384,501	0,76	0,205
384,6	0,755	0,205
384,701	0,755	0,205
384,799	0,755	0,205
384,907	0,76	0,205
385	0,76	0,205
385,101	0,755	0,205
385,2	0,755	0,205
385,301	0,755	0,205
385,401	0,755	0,205
385,5	0,755	0,205
385,649	0,75	0,205
385,701	0,755	0,205
385,8	0,75	0,21
385,904	0,75	0,21
385,999	0,75	0,205
386,129	0,755	0,21
386,232	0,75	0,2
386,301	0,755	0,205
386,401	0,755	0,205
386,501	0,75	0,205
386,6	0,75	0,21
386,7	0,75	0,205
386,8	0,75	0,205
386,901	0,75	0,205
387,001	0,75	0,205
387,099	0,75	0,205
387,201	0,75	0,205
387,299	0,755	0,205
387,401	0,755	0,205
387,5	0,755	0,205
387,6	0,745	0,205
387,7	0,75	0,205
387,801	0,75	0,205
387,9	0,755	0,21
388,001	0,75	0,205
388,13	0,75	0,205
388,204	0,75	0,21
388,3	0,75	0,21
388,399	0,75	0,21
388,5	0,755	0,205
388,619	0,75	0,205
388,7	0,75	0,21
388,8	0,75	0,205
388,918	0,75	0,205
389,001	0,75	0,21
389,1	0,75	0,205
389,2	0,75	0,21
389,3	0,75	0,205
389,4	0,75	0,205
389,499	0,75	0,205
389,6	0,75	0,21
389,712	0,745	0,205
389,8	0,745	0,205
389,899	0,745	0,205
390	0,745	0,205
390,1	0,75	0,205
390,199	0,75	0,205
390,3	0,745	0,205
390,4	0,75	0,205
390,504	0,75	0,21
390,6	0,745	0,205
390,701	0,745	0,205
390,824	0,745	0,21
390,899	0,745	0,21
391	0,745	0,21
391,105	0,755	0,21
391,201	0,745	0,21
391,3	0,745	0,205
391,4	0,745	0,205
391,501	0,745	0,205
391,6	0,74	0,205
391,701	0,755	0,205
391,8	0,745	0,205
391,9	0,74	0,21
392,021	0,745	0,21
392,099	0,74	0,21
392,2	0,74	0,205
392,327	0,745	0,21
392,424	0,745	0,205
392,499	0,74	0,205
392,599	0,745	0,21
392,7	0,745	0,205
392,8	0,74	0,21
392,901	0,745	0,205
393,001	0,745	0,205
393,1	0,74	0,21
393,232	0,74	0,205
393,324	0,74	0,21
393,399	0,74	0,205
393,5	0,75	0,21
393,6	0,745	0,205
393,7	0,74	0,205
393,807	0,755	0,21
393,916	0,745	0,21
394	0,74	0,21
394,1	0,745	0,21
394,199	0,74	0,21
394,3	0,74	0,21
394,4	0,745	0,21
394,5	0,74	0,21
394,6	0,74	0,21
394,7	0,74	0,21
394,801	0,74	0,21
394,9	0,74	0,21
395	0,74	0,21
395,1	0,74	0,21
395,2	0,74	0,21
395,3	0,735	0,21
395,4	0,74	0,21
395,5	0,735	0,21
395,6	0,735	0,21
395,7	0,74	0,21
395,8	0,74	0,21
395,901	0,74	0,21
396	0,74	0,21
396,1	0,735	0,21
396,2	0,735	0,205
396,301	0,735	0,21
396,401	0,735	0,205
396,5	0,735	0,205
396,613	0,74	0,21
396,699	0,735	0,205
396,836	0,735	0,21
396,968	0,735	0,205
397,001	0,735	0,21
397,101	0,735	0,205
397,201	0,735	0,205
397,301	0,735	0,205
397,409	0,735	0,21
397,5	0,735	0,205
397,613	0,73	0,205
397,701	0,735	0,21
397,801	0,735	0,21
397,901	0,74	0,21
398,001	0,735	0,21
398,101	0,735	0,21
398,201	0,73	0,21
398,301	0,735	0,21
398,401	0,735	0,21
398,501	0,735	0,21
398,601	0,735	0,21
398,701	0,73	0,21
398,823	0,73	0,21
398,901	0,73	0,21
399,001	0,73	0,21
399,1	0,73	0,215
399,2	0,735	0,21
399,301	0,735	0,21
399,4	0,73	0,21
399,5	0,735	0,21
399,601	0,73	0,21
399,701	0,73	0,21
399,801	0,735	0,21
399,901	0,73	0,215
400,001	0,73	0,21
400,1	0,73	0,21
400,201	0,735	0,215
400,3	0,73	0,21
400,401	0,73	0,21
400,501	0,73	0,21
400,601	0,735	0,21
400,701	0,73	0,21
400,801	0,73	0,21
400,901	0,73	0,21
401,001	0,73	0,21
401,12	0,735	0,205
401,201	0,73	0,21
401,301	0,73	0,21
401,401	0,73	0,21
401,501	0,73	0,21
401,601	0,73	0,21
401,7	0,73	0,21
401,8	0,735	0,21
401,901	0,725	0,21
402,017	0,73	0,21
402,209	0,725	0,21
402,396	0,73	0,21
402,493	0,725	0,21
402,599	0,73	0,21
402,612	0,73	0,21
402,873	0,73	0,205
403,047	0,725	0,21
403,078	0,725	0,21
403,09	0,73	0,21
403,115	0,73	0,21
403,128	0,725	0,21
403,201	0,73	0,21
403,301	0,73	0,21
403,401	0,725	0,21
403,501	0,725	0,205
403,641	0,725	0,21
403,701	0,725	0,21
403,801	0,725	0,21
403,901	0,725	0,21
404,001	0,725	0,21
404,101	0,73	0,21
404,2	0,735	0,21
404,3	0,725	0,21
404,401	0,725	0,215
404,501	0,725	0,215
404,601	0,725	0,21
404,701	0,73	0,21
404,801	0,72	0,21
404,901	0,725	0,21
405,001	0,725	0,21
405,126	0,725	0,215
405,2	0,73	0,21
405,342	0,725	0,21
405,401	0,725	0,215
405,501	0,72	0,21
405,601	0,72	0,215
405,701	0,725	0,21
405,801	0,72	0,21
405,901	0,725	0,21
406,001	0,72	0,215
406,141	0,72	0,21
406,27	0,725	0,21
406,355	0,725	0,21
406,401	0,72	0,21
406,501	0,725	0,21
406,601	0,72	0,21
406,701	0,725	0,21
406,801	0,725	0,21
406,9	0,72	0,21
407	0,72	0,21
407,101	0,72	0,21
407,201	0,72	0,21
407,301	0,72	0,21
407,401	0,725	0,215
407,501	0,725	0,21
407,627	0,72	0,21
407,701	0,72	0,21
407,801	0,72	0,215
407,944	0,72	0,21
408,086	0,72	0,215
408,1	0,72	0,21
408,201	0,72	0,215
408,301	0,715	0,21
408,406	0,72	0,21
408,638	0,725	0,21
408,784	0,72	0,21
408,798	0,72	0,215
408,81	0,72	0,215
408,901	0,72	0,215
409,003	0,715	0,215
409,101	0,715	0,21
409,201	0,72	0,21
409,301	0,715	0,215
409,4	0,715	0,21
409,501	0,72	0,215
409,601	0,72	0,21
409,7	0,715	0,215
409,871	0,715	0,215
409,9	0,72	0,215
410,001	0,72	0,21
410,1	0,715	0,21
410,201	0,715	0,215
410,301	0,71	0,215
410,401	0,715	0,21
410,5	0,715	0,21
410,599	0,715	0,21
410,7	0,725	0,215
410,801	0,715	0,215
410,9	0,715	0,21
411	0,715	0,21
411,099	0,715	0,21
411,2	0,715	0,21
411,301	0,715	0,21
411,399	0,715	0,21
411,5	0,715	0,21
411,601	0,725	0,215
412,563	0,71	0,21
412,611	0,71	0,215
412,623	0,71	0,215
412,634	0,71	0,21
412,646	0,715	0,215
412,681	0,71	0,21
412,741	0,71	0,215
412,756	0,715	0,215
412,769	0,71	0,21
412,78	0,715	0,215
412,793	0,71	0,21
412,806	0,715	0,21
412,9	0,715	0,215
413	0,71	0,21
413,105	0,71	0,21
413,201	0,71	0,21
414,753	0,71	0,21
414,802	0,71	0,215
414,9	0,71	0,215
414,945	0,71	0,21
415,03	0,71	0,21
415,083	0,705	0,215
415,148	0,71	0,215
415,161	0,71	0,215
415,172	0,71	0,21
415,256	0,71	0,21
415,269	0,71	0,215
415,281	0,71	0,215
415,34	0,715	0,215
415,371	0,71	0,21
415,382	0,71	0,21
415,395	0,71	0,21
415,408	0,71	0,21
415,451	0,71	0,215
415,551	0,705	0,21
415,651	0,715	0,21
415,751	0,71	0,215
415,851	0,725	0,215
416,223	0,705	0,215
416,322	0,705	0,215
416,35	0,705	0,215
416,361	0,71	0,21
416,374	0,705	0,215
416,45	0,71	0,21
416,551	0,71	0,21
416,651	0,705	0,215
416,75	0,705	0,215
416,851	0,71	0,215
416,956	0,71	0,215
417,051	0,71	0,21
417,163	0,705	0,215
417,25	0,705	0,215
417,353	0,705	0,215
417,451	0,705	0,215
417,55	0,71	0,21
417,65	0,715	0,21
417,757	0,7	0,215
418,039	0,71	0,215
418,057	0,705	0,215
418,069	0,705	0,215
418,164	0,71	0,215
418,25	0,705	0,215
418,35	0,705	0,215
418,45	0,7	0,21
418,692	0,705	0,21
418,705	0,705	0,215
418,75	0,705	0,21
418,851	0,7	0,215
418,949	0,705	0,215
419,05	0,705	0,215
419,149	0,705	0,21
419,249	0,705	0,215
419,349	0,705	0,21
419,451	0,7	0,21
419,551	0,705	0,21
419,65	0,7	0,21
419,75	0,705	0,21
419,85	0,705	0,215
419,95	0,705	0,21
420,05	0,705	0,21
420,149	0,705	0,215
420,249	0,705	0,215
420,349	0,705	0,21
420,45	0,705	0,21
420,55	0,7	0,215
420,65	0,705	0,215
420,749	0,7	0,21
420,85	0,7	0,215
420,95	0,7	0,22
421,05	0,7	0,215
421,15	0,7	0,215
421,25	0,7	0,215
421,35	0,7	0,21
421,523	0,7	0,215
421,557	0,7	0,215
421,649	0,7	0,215
421,751	0,7	0,21
421,85	0,7	0,21
421,95	0,7	0,215
422,049	0,71	0,21
422,15	0,7	0,215
422,25	0,7	0,21
422,35	0,7	0,215
422,45	0,7	0,21
422,55	0,7	0,215
422,65	0,695	0,215
422,749	0,7	0,215
422,852	0,695	0,215
423,254	0,7	0,21
423,479	0,7	0,215
423,492	0,7	0,215
423,504	0,695	0,215
423,565	0,7	0,215
423,578	0,695	0,215
423,59	0,695	0,21
423,652	0,695	0,21
423,909	0,7	0,215
424,052	0,695	0,215
424,082	0,695	0,215
424,185	0,695	0,215
424,733	0,69	0,215
424,796	0,695	0,215
424,851	0,695	0,215
424,863	0,695	0,215
424,916	0,695	0,215
424,957	0,695	0,21
424,968	0,695	0,215
424,981	0,695	0,215
424,994	0,7	0,215
425,061	0,695	0,215
425,151	0,695	0,215
425,251	0,695	0,215
425,353	0,695	0,215
425,449	0,7	0,215
425,549	0,695	0,215
425,652	0,695	0,215
425,781	0,695	0,215
425,852	0,7	0,21
425,988	0,7	0,21
426,051	0,69	0,21
426,151	0,7	0,215
426,251	0,695	0,215
426,351	0,695	0,215
426,451	0,695	0,215
426,551	0,69	0,215
426,649	0,69	0,215
426,749	0,695	0,21
426,851	0,695	0,215
426,951	0,69	0,21
427,049	0,69	0,21
427,151	0,7	0,215
427,249	0,695	0,21
427,351	0,69	0,215
427,451	0,695	0,215
427,551	0,695	0,215
427,65	0,69	0,215
427,75	0,69	0,215
427,85	0,69	0,215
427,949	0,69	0,215
428,049	0,695	0,215
428,151	0,69	0,215
428,259	0,69	0,215
428,352	0,695	0,215
428,475	0,69	0,215
428,551	0,69	0,22
428,651	0,69	0,215
428,758	0,69	0,215
428,857	0,69	0,215
428,949	0,69	0,215
429,058	0,69	0,215
429,152	0,69	0,215
429,252	0,69	0,215
429,353	0,695	0,215
429,449	0,69	0,215
429,549	0,69	0,215
429,651	0,685	0,215
429,749	0,69	0,215
429,865	0,69	0,215
429,953	0,69	0,215
430,051	0,69	0,215
430,154	0,69	0,215
430,257	0,685	0,215
430,352	0,69	0,215
430,452	0,69	0,215
430,551	0,685	0,215
430,651	0,69	0,215
430,752	0,695	0,215
430,851	0,685	0,215
430,949	0,685	0,215
431,049	0,69	0,215
431,149	0,69	0,215
431,25	0,69	0,215
431,367	0,69	0,215
431,451	0,69	0,215
431,55	0,69	0,215
431,651	0,685	0,215
431,771	0,685	0,215
431,849	0,69	0,215
431,949	0,69	0,215
432,051	0,685	0,21
432,151	0,685	0,215
432,251	0,685	0,215
432,351	0,69	0,215
432,452	0,69	0,215
432,551	0,685	0,215
432,651	0,685	0,215
432,751	0,685	0,215
432,885	0,685	0,22
432,951	0,685	0,215
433,051	0,685	0,215
433,149	0,68	0,215
433,251	0,69	0,215
433,351	0,685	0,215
433,92	0,69	0,215
433,941	0,685	0,215
434,052	0,685	0,215
434,207	0,685	0,215
434,219	0,68	0,215
434,259	0,68	0,215
434,682	0,685	0,215
434,722	0,685	0,215
434,746	0,685	0,215
434,788	0,685	0,215
434,804	0,69	0,215
434,818	0,685	0,215
434,846	0,69	0,215
434,858	0,68	0,215
434,875	0,68	0,22
434,953	0,685	0,215
435,055	0,685	0,215
435,151	0,685	0,215
435,257	0,68	0,215
435,356	0,685	0,215
435,449	0,685	0,215
435,551	0,68	0,215
435,651	0,685	0,22
435,758	0,685	0,215
435,851	0,68	0,215
435,95	0,685	0,215
436,051	0,68	0,22
436,154	0,685	0,215
436,25	0,68	0,215
436,349	0,685	0,215
436,452	0,68	0,215
436,553	0,685	0,215
436,651	0,685	0,215
436,75	0,68	0,215
436,851	0,68	0,215
436,951	0,68	0,215
437,103	0,68	0,215
437,15	0,675	0,215
437,252	0,68	0,215
437,351	0,68	0,215
437,451	0,68	0,22
437,551	0,68	0,22
437,651	0,68	0,215
437,751	0,675	0,215
437,851	0,68	0,22
437,951	0,675	0,215
438,05	0,68	0,215
438,151	0,68	0,21
438,253	0,68	0,215
438,362	0,675	0,215
438,45	0,68	0,215
438,55	0,68	0,215
438,651	0,68	0,215
438,755	0,675	0,215
438,85	0,68	0,215
438,95	0,675	0,215
439,051	0,68	0,22
439,153	0,685	0,22
439,252	0,68	0,21
439,432	0,675	0,215
439,452	0,68	0,22
439,551	0,675	0,215
439,652	0,68	0,215
439,75	0,675	0,215
439,868	0,68	0,215
439,95	0,68	0,215
440,05	0,675	0,215
440,15	0,675	0,215
440,252	0,675	0,22
440,35	0,675	0,215
440,452	0,68	0,215
440,551	0,675	0,215
440,652	0,675	0,215
440,751	0,68	0,215
440,851	0,675	0,22
440,951	0,675	0,215
441,05	0,675	0,22
441,168	0,675	0,215
441,26	0,675	0,22
441,366	0,675	0,215
441,462	0,675	0,215
441,563	0,68	0,215
441,651	0,675	0,215
441,755	0,675	0,215
441,852	0,675	0,215
441,967	0,67	0,215
442,051	0,67	0,21
442,15	0,67	0,215
442,251	0,675	0,215
442,351	0,67	0,215
442,45	0,675	0,215
442,55	0,675	0,215
442,65	0,68	0,215
442,75	0,675	0,215
442,907	0,67	0,215
442,951	0,67	0,215
443,05	0,675	0,215
443,151	0,67	0,22
443,25	0,67	0,215
443,351	0,67	0,215
443,45	0,675	0,215
443,55	0,67	0,215
443,65	0,67	0,215
443,751	0,67	0,22
443,85	0,67	0,215
443,951	0,675	0,215
444,086	0,67	0,215
444,297	0,67	0,215
444,683	0,675	0,215
444,697	0,67	0,215
444,709	0,67	0,215
444,721	0,67	0,215
444,736	0,67	0,21
444,75	0,67	0,215
444,85	0,67	0,21
444,951	0,665	0,215
445,05	0,67	0,215
445,15	0,67	0,215
445,25	0,67	0,215
445,351	0,665	0,21
445,45	0,67	0,215
445,55	0,67	0,215
445,65	0,67	0,215
445,751	0,665	0,21
445,85	0,67	0,21
445,95	0,67	0,22
446,051	0,665	0,215
446,15	0,67	0,215
446,25	0,67	0,215
446,35	0,67	0,21
446,451	0,67	0,22
446,55	0,67	0,21
446,651	0,665	0,215
446,751	0,67	0,215
446,851	0,665	0,215
446,954	0,67	0,215
447,05	0,665	0,215
447,151	0,67	0,22
447,25	0,67	0,22
447,351	0,675	0,215
447,45	0,665	0,215
447,974	0,67	0,215
448,367	0,665	0,215
448,404	0,665	0,215
448,416	0,665	0,215
448,427	0,67	0,215
448,441	0,665	0,215
448,454	0,665	0,215
448,507	0,665	0,215
448,519	0,665	0,215
448,531	0,665	0,215
448,55	0,67	0,215
448,65	0,66	0,215
448,75	0,665	0,215
448,85	0,665	0,215
448,95	0,665	0,215
449,05	0,665	0,21
449,151	0,665	0,215
449,251	0,67	0,215
449,351	0,665	0,215
449,449	0,665	0,215
449,551	0,665	0,215
449,653	0,665	0,215
449,751	0,665	0,215
449,85	0,665	0,215
449,992	0,665	0,215
450,05	0,665	0,215
450,15	0,665	0,215
450,384	0,665	0,215
450,464	0,665	0,215
450,476	0,665	0,215
450,55	0,66	0,215
450,65	0,665	0,215
450,751	0,665	0,21
450,905	0,665	0,21
450,951	0,66	0,215
451,05	0,66	0,215
451,15	0,66	0,215
451,256	0,66	0,215
451,35	0,66	0,215
451,451	0,66	0,215
451,551	0,665	0,215
451,65	0,66	0,215
451,751	0,66	0,215
451,867	0,66	0,215
451,951	0,66	0,215
452,137	0,66	0,215
452,157	0,665	0,215
452,251	0,66	0,22
452,351	0,66	0,215
452,45	0,66	0,215
452,576	0,665	0,215
452,65	0,66	0,215
452,75	0,66	0,215
452,858	0,66	0,215
452,95	0,66	0,215
453,051	0,655	0,215
453,151	0,66	0,215
453,25	0,66	0,215
453,35	0,66	0,215
453,451	0,66	0,215
453,551	0,66	0,215
453,651	0,655	0,215
453,751	0,66	0,215
453,851	0,66	0,215
453,988	0,66	0,215
454,06	0,66	0,22
454,151	0,655	0,215
454,25	0,66	0,215
454,351	0,66	0,215
454,451	0,66	0,215
454,551	0,66	0,215
454,651	0,66	0,215
454,75	0,66	0,22
454,85	0,66	0,215
455,249	0,66	0,215
455,325	0,66	0,215
455,343	0,655	0,215
455,473	0,66	0,215
455,561	0,655	0,215
455,574	0,66	0,215
455,587	0,66	0,215
455,649	0,66	0,215
455,75	0,655	0,215
455,849	0,66	0,215
455,993	0,655	0,215
456,049	0,665	0,22
456,15	0,66	0,215
456,249	0,655	0,215
456,35	0,66	0,215
456,449	0,655	0,215
456,551	0,655	0,215
456,649	0,655	0,215
456,75	0,655	0,22
456,849	0,655	0,215
456,95	0,66	0,22
457,05	0,655	0,22
457,15	0,66	0,215
457,249	0,655	0,22
457,349	0,655	0,22
457,465	0,655	0,22
457,55	0,655	0,22
457,65	0,66	0,215
457,75	0,655	0,215
457,849	0,66	0,215
457,95	0,655	0,215
458,05	0,655	0,215
458,15	0,655	0,22
458,249	0,65	0,215
458,35	0,655	0,22
458,45	0,655	0,215
458,55	0,65	0,22
458,662	0,655	0,215
458,75	0,655	0,22
458,85	0,655	0,215
458,949	0,65	0,215
459,05	0,655	0,215
459,15	0,655	0,22
459,249	0,65	0,22
459,35	0,655	0,215
459,464	0,65	0,215
459,568	0,65	0,215
459,649	0,655	0,215
459,749	0,655	0,215
459,85	0,65	0,215
459,95	0,655	0,215
460,141	0,65	0,215
460,179	0,65	0,215
460,262	0,65	0,215
460,349	0,65	0,215
460,479	0,655	0,215
460,551	0,65	0,215
460,649	0,65	0,215
460,749	0,65	0,215
460,85	0,645	0,215
460,949	0,655	0,215
461,05	0,65	0,22
461,15	0,65	0,21
461,25	0,65	0,215
461,38	0,65	0,22
461,485	0,65	0,215
461,589	0,65	0,215
461,649	0,65	0,215
461,749	0,65	0,215
461,851	0,655	0,215
461,949	0,65	0,215
462,049	0,65	0,22
462,15	0,65	0,215
462,25	0,65	0,215
462,35	0,65	0,215
462,45	0,655	0,215
462,549	0,645	0,215
462,676	0,65	0,215
462,75	0,65	0,215
462,849	0,65	0,21
462,949	0,65	0,215
463,05	0,65	0,215
463,149	0,65	0,22
463,25	0,65	0,215
463,349	0,65	0,215
463,449	0,65	0,215
463,55	0,65	0,22
463,65	0,65	0,215
463,751	0,645	0,215
463,849	0,65	0,215
463,95	0,655	0,215
464,05	0,645	0,215
464,15	0,65	0,215
464,25	0,645	0,215
464,451	0,645	0,215
464,462	0,65	0,215
464,55	0,645	0,215
464,65	0,65	0,215
464,749	0,65	0,215
464,85	0,65	0,215
464,951	0,645	0,215
465,05	0,645	0,22
465,151	0,645	0,215
