MIN=0	-10	-10
MAX=640	10	10
SCALE=640	5	5
DEC=1	2	2
DEF="Time" t / s	"Voltage" U_B1 / V	"Voltage" U_A1 / V
0	0,305	0,04
0,1	0,305	0,04
0,2	0,305	0,045
0,3	0,3	0,04
0,401	0,3	0,04
0,503	0,3	0,04
0,6	0,3	0,04
0,7	0,305	0,045
0,8	0,3	0,04
0,899	0,305	0,04
1	0,305	0,04
1,101	0,3	0,04
1,222	0,3	0,045
1,3	0,3	0,045
1,4	0,3	0,04
1,5	0,3	0,04
1,6	0,3	0,04
1,7	0,3	0,045
1,801	0,3	0,045
1,899	0,3	0,045
2	0,3	0,04
2,1	0,3	0,04
2,2	0,3	0,045
2,3	0,3	0,045
2,4	0,295	0,045
2,5	0,305	0,04
2,6	0,305	0,045
2,7	0,3	0,045
2,8	0,3	0,045
2,9	0,3	0,04
3	0,305	0,04
3,1	0,3	0,04
3,2	0,3	0,045
3,3	0,3	0,045
3,4	0,3	0,045
3,5	0,305	0,04
3,6	0,305	0,04
3,7	0,305	0,04
3,8	0,305	0,045
3,9	0,31	0,045
4	0,31	0,045
4,1	0,31	0,045
4,2	0,31	0,045
4,3	0,31	0,04
4,4	0,31	0,045
4,5	0,31	0,045
4,6	0,315	0,04
4,709	0,315	0,04
4,8	0,315	0,045
4,9	0,32	0,04
5	0,32	0,04
5,1	0,325	0,04
5,2	0,32	0,04
5,3	0,325	0,045
5,4	0,325	0,045
5,5	0,325	0,045
5,599	0,325	0,04
5,7	0,325	0,04
5,8	0,33	0,04
5,9	0,33	0,04
6	0,33	0,04
6,1	0,335	0,04
6,199	0,335	0,045
6,3	0,335	0,04
6,4	0,335	0,04
6,5	0,335	0,045
6,6	0,335	0,04
6,7	0,34	0,045
6,8	0,34	0,04
6,9	0,34	0,04
7	0,35	0,045
7,1	0,34	0,045
7,2	0,345	0,045
7,299	0,35	0,045
7,4	0,35	0,045
7,506	0,35	0,04
7,6	0,35	0,045
7,7	0,355	0,04
7,8	0,35	0,045
7,9	0,355	0,045
8	0,355	0,04
8,101	0,36	0,045
8,2	0,36	0,045
8,318	0,36	0,04
8,4	0,36	0,045
8,501	0,365	0,045
8,6	0,365	0,04
8,701	0,37	0,045
8,805	0,37	0,045
8,906	0,37	0,045
9,001	0,375	0,045
9,1	0,37	0,04
9,201	0,375	0,045
9,3	0,375	0,04
9,401	0,375	0,045
9,501	0,38	0,04
9,6	0,38	0,04
9,699	0,38	0,045
9,8	0,38	0,045
9,924	0,39	0,04
10,001	0,38	0,045
10,101	0,39	0,04
10,218	0,39	0,04
10,3	0,385	0,045
10,401	0,39	0,045
10,501	0,39	0,045
10,601	0,395	0,045
10,701	0,395	0,04
10,801	0,395	0,045
10,901	0,4	0,045
11,001	0,4	0,04
11,101	0,4	0,04
11,201	0,405	0,045
11,3	0,405	0,045
11,401	0,4	0,045
11,501	0,405	0,04
11,605	0,41	0,045
11,701	0,41	0,04
11,801	0,41	0,045
11,901	0,41	0,045
12,001	0,415	0,045
12,1	0,415	0,045
12,238	0,42	0,04
12,301	0,415	0,045
12,401	0,415	0,045
12,501	0,415	0,04
12,611	0,42	0,04
12,7	0,425	0,045
12,8	0,425	0,045
12,9	0,425	0,045
13	0,43	0,045
13,114	0,43	0,045
13,2	0,43	0,04
13,3	0,43	0,045
13,4	0,435	0,04
13,502	0,435	0,045
13,6	0,44	0,05
13,701	0,435	0,045
13,801	0,435	0,045
13,9	0,44	0,045
14,001	0,44	0,045
14,1	0,44	0,045
14,2	0,445	0,045
14,3	0,445	0,04
14,4	0,445	0,04
14,5	0,445	0,045
14,6	0,445	0,045
14,7	0,45	0,04
14,799	0,45	0,045
14,9	0,455	0,045
15	0,45	0,045
15,101	0,455	0,045
15,2	0,455	0,04
15,3	0,455	0,045
15,4	0,46	0,045
15,501	0,46	0,045
15,6	0,465	0,045
15,7	0,465	0,04
15,811	0,465	0,045
15,9	0,465	0,045
16	0,465	0,045
16,1	0,465	0,045
16,2	0,465	0,045
16,3	0,475	0,045
16,401	0,47	0,045
16,5	0,475	0,04
16,6	0,475	0,045
16,7	0,475	0,045
16,8	0,475	0,04
16,9	0,48	0,045
17	0,48	0,045
17,1	0,485	0,04
17,2	0,48	0,045
17,3	0,485	0,045
17,4	0,485	0,045
17,5	0,49	0,045
17,601	0,485	0,045
17,7	0,49	0,045
17,8	0,49	0,045
17,9	0,49	0,045
18	0,495	0,045
18,1	0,495	0,04
18,2	0,495	0,045
18,3	0,5	0,045
18,4	0,5	0,045
18,5	0,5	0,045
18,6	0,5	0,04
18,7	0,505	0,04
18,8	0,505	0,045
18,9	0,51	0,045
19	0,505	0,045
19,1	0,51	0,045
19,201	0,51	0,045
19,3	0,51	0,045
19,4	0,515	0,045
19,5	0,515	0,045
19,6	0,515	0,04
19,7	0,515	0,045
19,8	0,52	0,045
19,9	0,52	0,045
20	0,525	0,045
20,11	0,52	0,04
20,209	0,525	0,045
20,3	0,525	0,04
20,4	0,53	0,045
20,5	0,53	0,045
20,6	0,53	0,045
20,7	0,535	0,045
20,8	0,53	0,04
20,9	0,535	0,045
21	0,535	0,04
21,101	0,535	0,045
21,2	0,54	0,045
21,301	0,54	0,045
21,4	0,54	0,045
21,5	0,545	0,045
21,6	0,54	0,045
21,7	0,545	0,05
21,8	0,545	0,045
21,9	0,545	0,04
22	0,55	0,045
22,101	0,555	0,045
22,2	0,55	0,045
22,3	0,55	0,045
22,4	0,55	0,045
22,5	0,55	0,045
22,6	0,555	0,045
22,704	0,555	0,045
22,8	0,56	0,045
22,9	0,56	0,045
23	0,56	0,04
23,101	0,565	0,045
23,2	0,565	0,045
23,3	0,565	0,04
23,4	0,56	0,045
23,5	0,565	0,04
23,601	0,57	0,045
23,7	0,57	0,045
23,8	0,57	0,045
23,901	0,575	0,045
24	0,575	0,045
24,099	0,575	0,045
24,2	0,575	0,045
24,3	0,575	0,045
24,4	0,585	0,04
24,504	0,58	0,045
24,6	0,585	0,045
24,7	0,585	0,045
24,8	0,585	0,04
24,9	0,585	0,045
25	0,59	0,04
25,1	0,59	0,045
25,201	0,585	0,04
25,3	0,59	0,05
25,4	0,595	0,045
25,5	0,595	0,045
25,6	0,595	0,045
25,701	0,595	0,045
25,8	0,6	0,045
25,9	0,6	0,04
26,001	0,6	0,045
26,101	0,61	0,045
26,2	0,605	0,045
26,3	0,605	0,04
26,401	0,605	0,045
26,501	0,605	0,045
26,601	0,605	0,045
26,701	0,61	0,04
26,8	0,61	0,04
26,901	0,615	0,045
27,001	0,615	0,04
27,101	0,615	0,045
27,201	0,615	0,045
27,307	0,615	0,045
27,4	0,615	0,045
27,501	0,62	0,045
27,601	0,62	0,04
27,707	0,625	0,045
27,801	0,62	0,045
27,901	0,63	0,045
28	0,625	0,045
28,101	0,63	0,045
28,201	0,63	0,04
28,3	0,63	0,045
28,401	0,635	0,045
28,501	0,63	0,045
28,6	0,635	0,045
28,7	0,64	0,04
28,801	0,635	0,045
28,901	0,64	0,045
29	0,64	0,04
29,101	0,635	0,045
29,201	0,64	0,045
29,301	0,645	0,045
29,401	0,645	0,04
29,501	0,645	0,045
29,601	0,65	0,04
29,701	0,645	0,04
29,801	0,655	0,045
29,901	0,65	0,045
30,013	0,655	0,045
30,101	0,655	0,045
30,201	0,66	0,045
30,301	0,66	0,045
30,401	0,655	0,045
30,5	0,655	0,05
30,601	0,66	0,045
30,701	0,66	0,045
30,801	0,665	0,04
30,9	0,665	0,045
31	0,665	0,045
31,1	0,67	0,045
31,2	0,67	0,04
31,3	0,67	0,045
31,4	0,67	0,045
31,5	0,67	0,04
31,6	0,675	0,04
31,7	0,675	0,04
31,8	0,68	0,045
31,9	0,68	0,04
32	0,68	0,04
32,1	0,68	0,045
32,213	0,685	0,045
32,3	0,68	0,04
32,4	0,685	0,045
32,5	0,685	0,045
32,6	0,685	0,045
32,7	0,69	0,045
32,8	0,69	0,045
32,914	0,69	0,04
33	0,69	0,04
33,101	0,695	0,04
33,2	0,695	0,045
33,3	0,695	0,045
33,4	0,695	0,04
33,5	0,7	0,04
33,6	0,7	0,04
33,701	0,7	0,04
33,8	0,7	0,04
33,912	0,705	0,045
34	0,705	0,04
34,1	0,705	0,045
34,2	0,705	0,04
34,3	0,705	0,04
34,412	0,71	0,04
34,513	0,71	0,04
34,6	0,715	0,04
34,7	0,71	0,04
34,8	0,71	0,045
34,9	0,715	0,04
35,006	0,72	0,04
35,101	0,72	0,04
35,2	0,72	0,045
35,3	0,72	0,04
35,4	0,725	0,04
35,5	0,72	0,04
35,6	0,72	0,045
35,7	0,725	0,04
35,8	0,73	0,04
35,9	0,725	0,04
36	0,73	0,045
36,1	0,73	0,04
36,2	0,73	0,045
36,3	0,73	0,04
36,4	0,73	0,04
36,5	0,74	0,04
36,6	0,735	0,045
36,714	0,74	0,04
36,8	0,74	0,04
36,9	0,74	0,04
37	0,74	0,04
37,1	0,745	0,04
37,2	0,745	0,04
37,3	0,745	0,035
37,4	0,745	0,04
37,5	0,75	0,04
37,602	0,75	0,04
37,702	0,75	0,04
37,8	0,75	0,04
37,9	0,75	0,04
38	0,755	0,04
38,1	0,755	0,04
38,199	0,76	0,04
38,3	0,76	0,04
38,4	0,76	0,04
38,5	0,76	0,04
38,6	0,76	0,04
38,7	0,765	0,04
38,8	0,765	0,04
38,9	0,765	0,04
39,002	0,77	0,04
39,1	0,77	0,04
39,242	0,765	0,04
39,307	0,77	0,04
39,4	0,765	0,04
39,5	0,77	0,04
39,599	0,775	0,04
39,7	0,775	0,04
39,802	0,775	0,04
39,9	0,775	0,04
40	0,78	0,035
40,1	0,78	0,04
40,2	0,78	0,04
40,3	0,78	0,035
40,408	0,785	0,035
40,5	0,79	0,035
40,6	0,785	0,04
40,7	0,79	0,04
40,802	0,79	0,035
40,9	0,79	0,035
41	0,79	0,035
41,1	0,795	0,04
41,2	0,795	0,04
41,3	0,795	0,035
41,399	0,795	0,035
41,5	0,81	0,035
41,6	0,795	0,04
41,7	0,8	0,035
41,821	0,8	0,035
41,902	0,8	0,035
42	0,805	0,035
42,1	0,805	0,035
42,2	0,805	0,035
42,3	0,805	0,035
42,4	0,805	0,035
42,5	0,81	0,035
42,6	0,81	0,035
42,7	0,81	0,035
42,8	0,81	0,035
42,9	0,815	0,035
42,999	0,815	0,035
43,102	0,815	0,03
43,2	0,82	0,035
43,339	0,82	0,035
43,4	0,825	0,03
43,5	0,82	0,03
43,6	0,82	0,03
43,7	0,825	0,03
43,806	0,82	0,035
43,9	0,825	0,035
44	0,83	0,03
44,101	0,83	0,035
44,199	0,83	0,035
44,302	0,83	0,03
44,402	0,835	0,035
44,501	0,835	0,035
44,602	0,83	0,03
44,702	0,835	0,035
44,8	0,835	0,03
44,902	0,84	0,035
45	0,84	0,03
45,102	0,845	0,035
45,201	0,845	0,03
45,301	0,84	0,03
45,401	0,845	0,035
45,501	0,85	0,03
45,614	0,85	0,03
45,701	0,85	0,03
45,802	0,85	0,03
45,9	0,85	0,035
46,001	0,85	0,03
46,101	0,855	0,03
46,201	0,855	0,03
46,301	0,855	0,03
46,401	0,855	0,03
46,502	0,86	0,03
46,601	0,855	0,03
46,701	0,855	0,03
46,801	0,86	0,03
46,901	0,86	0,03
47,001	0,865	0,03
47,101	0,86	0,03
47,202	0,87	0,03
47,301	0,87	0,025
47,401	0,87	0,03
47,501	0,87	0,03
47,601	0,87	0,025
47,701	0,88	0,03
47,801	0,875	0,025
47,901	0,87	0,03
48,001	0,875	0,025
48,101	0,88	0,025
48,201	0,88	0,03
48,301	0,88	0,025
48,401	0,88	0,03
48,501	0,88	0,025
48,601	0,88	0,03
48,701	0,885	0,03
48,801	0,885	0,025
48,9	0,89	0,025
49,001	0,89	0,03
49,101	0,885	0,03
49,2	0,89	0,025
49,301	0,89	0,025
49,401	0,89	0,03
49,501	0,895	0,03
49,6	0,895	0,025
49,7	0,895	0,03
49,801	0,9	0,025
49,901	0,9	0,025
50,001	0,9	0,025
50,1	0,9	0,025
50,201	0,9	0,025
50,301	0,905	0,025
50,401	0,905	0,025
50,501	0,905	0,025
50,6	0,905	0,025
50,701	0,905	0,02
50,813	0,91	0,025
50,901	0,9	0,025
51,01	0,915	0,025
51,101	0,915	0,025
51,2	0,91	0,025
51,301	0,915	0,02
51,401	0,92	0,02
51,501	0,915	0,025
51,601	0,915	0,025
51,701	0,92	0,02
51,801	0,925	0,025
51,901	0,925	0,02
52,001	0,925	0,025
52,101	0,925	0,02
52,201	0,925	0,02
52,301	0,925	0,02
52,401	0,925	0,02
52,501	0,925	0,02
52,601	0,93	0,02
52,701	0,93	0,02
52,801	0,93	0,02
52,9	0,945	0,02
53,001	0,935	0,02
53,101	0,935	0,02
53,201	0,94	0,02
53,301	0,935	0,02
53,401	0,94	0,025
53,501	0,94	0,02
53,601	0,94	0,02
53,7	0,94	0,02
53,801	0,94	0,02
53,901	0,945	0,02
54,001	0,945	0,02
54,101	0,965	0,02
54,201	0,945	0,02
54,301	0,95	0,02
54,401	0,955	0,02
54,501	0,95	0,02
54,601	0,95	0,02
54,701	0,95	0,02
54,8	0,95	0,015
54,901	0,96	0,015
55,001	0,96	0,02
55,101	0,96	0,02
55,201	0,96	0,015
55,301	0,96	0,02
55,401	0,96	0,015
55,501	0,97	0,02
55,601	0,965	0,02
55,701	0,965	0,015
55,801	0,965	0,015
55,901	0,965	0,02
56,001	0,97	0,02
56,101	0,97	0,015
56,201	0,97	0,02
56,3	0,97	0,02
56,401	0,97	0,015
56,513	0,975	0,015
56,601	0,975	0,015
56,701	0,975	0,015
56,801	0,975	0,015
56,901	0,98	0,015
57	0,98	0,015
57,101	0,985	0,02
57,201	0,98	0,01
57,309	0,985	0,015
57,401	0,985	0,015
57,501	0,99	0,015
57,601	0,99	0,015
57,7	0,99	0,015
57,801	0,99	0,015
57,9	0,99	0,015
58,001	0,99	0,015
58,101	0,99	0,01
58,2	0,995	0,015
58,3	0,99	0,01
58,4	0,995	0,015
58,501	1	0,01
58,611	1	0,015
58,759	1	0,01
58,8	1	0,015
58,901	1	0,01
59,003	1	0,01
59,1	1	0,01
59,2	1,005	0,01
59,3	1	0,01
59,4	1,005	0,01
59,5	1,005	0,015
59,6	1,01	0,01
59,701	1,005	0,01
59,8	1,01	0,015
59,9	1,015	0,015
60,001	1,015	0,01
60,111	1,015	0,01
60,214	1,015	0,01
60,3	1,01	0,01
60,4	1,02	0,01
60,5	1,02	0,01
60,601	1,02	0,01
60,701	1,02	0,01
60,8	1,02	0,01
60,9	1,02	0,01
61,003	1,025	0,01
61,101	1,025	0,01
61,201	1,025	0,01
61,301	1,025	0,01
61,401	1,03	0,01
61,5	1,03	0,01
61,601	1,03	0,01
61,701	1,03	0,005
61,801	1,03	0,01
61,904	1,03	0,01
62,001	1,035	0,01
62,101	1,035	0,01
62,201	1,035	0,005
62,301	1,04	0,005
62,4	1,04	0,01
62,5	1,035	0,01
62,601	1,05	0,005
62,701	1,045	0,005
62,8	1,045	0,01
62,901	1,05	0,005
63,001	1,05	0,005
63,101	1,045	0,01
63,222	1,05	0,005
63,3	1,05	0,005
63,425	1,05	0,005
63,5	1,05	0,005
63,601	1,05	0,005
63,701	1,055	0,005
63,812	1,055	0,005
63,9	1,055	0,01
64,001	1,055	0,005
64,1	1,06	0,005
64,2	1,06	0,005
64,301	1,055	0,005
64,4	1,06	0,005
64,501	1,065	0,005
64,614	1,06	0,005
64,701	1,065	0,005
64,801	1,065	0,005
64,9	1,07	0,005
65	1,07	0,005
65,101	1,07	0,005
65,2	1,075	0,005
65,301	1,07	0,005
65,4	1,07	0
65,501	1,07	0,005
65,601	1,075	0,005
65,701	1,075	0,005
65,801	1,075	0,005
65,901	1,08	0,005
66,001	1,08	0,005
66,101	1,075	0,005
66,2	1,08	0
66,301	1,085	0,005
66,401	1,085	0
66,509	1,08	0,005
66,601	1,09	0
66,701	1,09	0,005
66,8	1,09	0,005
66,901	1,09	0,005
67	1,09	0,005
67,124	1,09	0,005
67,202	1,09	0,005
67,3	1,095	0,005
67,401	1,095	0,005
67,5	1,095	0
67,6	1,1	0,005
67,719	1,1	0,005
67,8	1,1	0,005
67,904	1,1	0,005
68	1,1	0
68,1	1,1	0
68,2	1,1	0
68,3	1,105	0,005
68,4	1,105	0
68,5	1,105	0
68,6	1,105	0
68,7	1,11	0,005
68,8	1,11	0
68,9	1,11	0
69	1,11	0,005
69,1	1,11	0
69,212	1,11	0
69,3	1,115	0
69,4	1,11	0
69,501	1,115	0
69,6	1,12	0
69,7	1,115	0
69,8	1,115	0
69,9	1,12	0
70	1,12	0
70,1	1,12	0
70,201	1,125	0
70,3	1,13	0
70,4	1,125	0
70,5	1,13	0
70,6	1,125	0
70,7	1,13	0
70,801	1,135	0
70,9	1,13	0
71	1,13	0
71,099	1,13	0
71,2	1,13	0
71,3	1,13	0
71,4	1,135	0
71,5	1,135	0
71,6	1,135	0
71,7	1,14	0
71,8	1,14	0
71,9	1,145	0
71,999	1,145	0
72,1	1,15	-0,005
72,2	1,145	0
72,3	1,145	0
72,4	1,145	0
72,5	1,15	0
72,599	1,145	0
72,722	1,145	0
72,8	1,15	0
72,9	1,15	0
73	1,155	0
73,1	1,15	-0,005
73,2	1,155	-0,005
73,3	1,155	0
73,4	1,155	0
73,5	1,155	0
73,6	1,16	0
73,699	1,16	0
73,8	1,165	0
73,899	1,16	-0,005
74	1,165	0
74,106	1,165	0
74,2	1,16	-0,005
74,3	1,165	0
74,4	1,165	0
74,5	1,17	-0,005
74,616	1,17	-0,005
74,7	1,17	0
74,8	1,17	0
74,899	1,17	0
75,004	1,17	0
75,099	1,17	-0,005
75,199	1,175	0
75,3	1,175	0
75,4	1,175	0
75,501	1,18	0
75,6	1,175	0
75,7	1,18	-0,005
75,8	1,18	-0,005
75,9	1,18	-0,005
76	1,18	0
76,1	1,18	-0,005
76,2	1,185	-0,005
76,3	1,19	0
76,4	1,19	0
76,5	1,185	-0,005
76,599	1,19	-0,005
76,71	1,19	-0,005
76,799	1,195	-0,005
76,9	1,19	0
77	1,19	-0,005
77,1	1,19	-0,005
77,2	1,195	-0,005
77,3	1,195	0
77,4	1,195	0
77,5	1,195	-0,005
77,6	1,195	-0,005
77,699	1,205	0
77,799	1,2	-0,005
77,902	1,2	-0,005
78,001	1,205	0
78,1	1,2	0
78,2	1,2	-0,005
78,301	1,2	0
78,44	1,205	0
78,5	1,21	0
78,613	1,21	0
78,72	1,21	0
78,801	1,21	-0,005
78,9	1,215	-0,005
79,016	1,21	-0,005
79,099	1,215	0
79,2	1,215	-0,005
79,301	1,215	-0,005
79,401	1,215	0
79,501	1,215	-0,005
79,601	1,215	-0,005
79,701	1,22	-0,005
79,801	1,22	-0,005
79,901	1,22	-0,005
80,001	1,22	-0,005
80,1	1,22	-0,005
80,2	1,225	-0,005
80,3	1,22	-0,005
80,4	1,225	0
80,501	1,225	0
80,601	1,23	-0,005
80,7	1,225	-0,005
80,801	1,225	-0,005
80,937	1,23	0
81,001	1,23	-0,005
81,101	1,23	-0,005
81,2	1,23	-0,005
81,3	1,23	-0,01
81,401	1,235	-0,005
81,501	1,235	-0,005
81,621	1,235	-0,005
81,701	1,235	-0,005
81,8	1,24	-0,005
81,901	1,235	-0,005
82,001	1,24	-0,005
82,101	1,24	0
82,201	1,24	-0,005
82,3	1,245	0
82,401	1,24	-0,005
82,501	1,24	0
82,6	1,24	-0,005
82,7	1,245	-0,005
82,8	1,25	-0,005
82,9	1,245	-0,005
83,001	1,25	-0,005
83,101	1,25	-0,005
83,2	1,25	-0,005
83,3	1,25	-0,005
83,41	1,255	-0,005
83,5	1,25	-0,005
83,6	1,25	-0,005
83,7	1,255	-0,005
83,8	1,26	-0,005
83,9	1,26	0
84	1,255	-0,005
84,1	1,26	-0,005
84,2	1,26	0
84,3	1,26	-0,005
84,4	1,265	-0,005
84,5	1,26	-0,005
84,6	1,26	-0,005
84,7	1,265	-0,005
84,8	1,27	-0,005
84,901	1,265	0
85	1,27	-0,005
85,1	1,265	-0,005
85,2	1,27	-0,005
85,3	1,27	-0,005
85,4	1,27	-0,005
85,5	1,275	-0,005
85,6	1,27	-0,005
85,7	1,275	-0,005
85,801	1,27	-0,005
85,9	1,275	-0,005
86	1,28	-0,005
86,1	1,275	-0,005
86,2	1,28	-0,005
86,3	1,28	-0,005
86,4	1,28	-0,005
86,5	1,28	-0,005
86,6	1,28	-0,01
86,71	1,285	-0,005
86,8	1,29	-0,005
86,9	1,285	-0,005
87	1,29	-0,01
87,107	1,285	-0,005
87,2	1,29	-0,005
87,313	1,3	-0,005
87,403	1,29	-0,005
87,5	1,29	-0,005
87,6	1,295	-0,005
87,7	1,29	-0,005
87,8	1,295	-0,005
87,9	1,29	-0,005
88	1,295	-0,005
88,1	1,295	-0,005
88,2	1,3	-0,005
88,301	1,3	-0,005
88,4	1,3	-0,005
88,5	1,3	-0,005
88,601	1,3	-0,005
88,7	1,3	-0,005
88,8	1,305	-0,005
88,9	1,305	-0,005
89	1,305	-0,005
89,1	1,305	-0,005
89,2	1,305	-0,005
89,302	1,305	-0,005
89,4	1,305	-0,01
89,5	1,31	-0,005
89,602	1,31	-0,01
89,7	1,315	-0,005
89,8	1,31	-0,005
89,9	1,31	-0,005
90,001	1,315	-0,005
90,1	1,315	-0,005
90,201	1,315	-0,005
90,3	1,32	-0,005
90,4	1,32	-0,005
90,5	1,32	-0,005
90,6	1,32	-0,005
90,7	1,32	0
90,832	1,32	-0,005
90,9	1,32	-0,005
91	1,325	-0,005
91,1	1,325	-0,01
91,2	1,325	-0,005
91,3	1,325	-0,005
91,401	1,33	-0,005
91,5	1,33	-0,005
91,621	1,33	-0,005
91,7	1,33	-0,01
91,8	1,33	-0,005
91,901	1,33	-0,005
92	1,33	-0,005
92,1	1,335	-0,01
92,2	1,33	-0,01
92,3	1,335	-0,005
92,414	1,335	-0,005
92,5	1,34	-0,005
92,6	1,335	-0,01
92,7	1,34	-0,005
92,8	1,34	-0,005
92,9	1,34	-0,005
93	1,34	-0,005
93,1	1,34	-0,005
93,2	1,34	-0,005
93,3	1,345	-0,005
93,4	1,345	-0,005
93,501	1,345	-0,005
93,6	1,345	-0,005
93,7	1,35	-0,005
93,8	1,35	-0,005
93,901	1,35	-0,005
94	1,35	-0,005
94,1	1,35	-0,01
94,2	1,35	-0,01
94,3	1,35	-0,01
94,4	1,35	0
94,499	1,35	-0,005
94,6	1,355	-0,01
94,7	1,35	-0,005
94,8	1,355	-0,005
94,9	1,36	-0,005
95,008	1,36	-0,005
95,1	1,36	-0,005
95,2	1,36	0
95,299	1,36	-0,005
95,401	1,36	-0,005
95,501	1,365	-0,01
95,6	1,36	-0,01
95,7	1,365	-0,005
95,8	1,37	-0,005
95,901	1,36	-0,005
96,001	1,365	-0,005
96,101	1,37	-0,005
96,199	1,37	-0,005
96,301	1,37	-0,005
96,4	1,37	-0,01
96,501	1,37	-0,005
96,601	1,375	-0,005
96,712	1,375	-0,01
96,801	1,37	-0,005
96,901	1,38	-0,005
97,001	1,375	-0,005
97,101	1,375	-0,005
97,201	1,38	-0,005
97,301	1,375	0
97,4	1,38	-0,005
97,501	1,38	-0,005
97,601	1,38	-0,005
97,701	1,38	-0,005
97,801	1,38	-0,005
97,901	1,38	-0,005
98,001	1,385	-0,005
98,101	1,385	-0,005
98,201	1,385	-0,005
98,301	1,385	-0,005
98,401	1,39	0
98,501	1,39	-0,005
98,601	1,39	-0,005
98,701	1,39	-0,005
98,821	1,395	-0,005
98,901	1,395	-0,01
99	1,395	-0,005
99,1	1,395	-0,005
99,201	1,395	-0,01
99,301	1,4	-0,005
99,401	1,395	-0,01
99,501	1,4	0
99,601	1,395	-0,005
99,7	1,4	-0,005
99,801	1,4	-0,005
99,9	1,395	-0,005
100,001	1,405	-0,005
100,1	1,4	-0,005
100,201	1,405	-0,005
100,302	1,41	-0,005
100,401	1,405	-0,005
100,501	1,405	-0,005
100,601	1,405	-0,005
100,701	1,41	-0,005
100,801	1,41	-0,005
100,901	1,41	-0,005
101,001	1,415	0
101,101	1,41	-0,01
101,201	1,41	-0,005
101,3	1,41	-0,005
101,401	1,415	-0,005
101,5	1,415	-0,005
101,6	1,415	-0,005
101,7	1,415	-0,005
101,8	1,415	-0,01
101,9	1,42	-0,005
102	1,42	-0,005
102,1	1,415	0
102,2	1,42	-0,005
102,311	1,42	-0,005
102,4	1,42	-0,005
102,5	1,42	-0,01
102,6	1,425	-0,005
102,711	1,425	-0,005
102,842	1,425	-0,005
102,9	1,43	-0,005
103,001	1,43	-0,005
103,1	1,43	-0,005
103,2	1,43	-0,005
103,3	1,43	-0,005
103,4	1,43	-0,005
103,5	1,43	-0,005
103,6	1,43	-0,005
103,719	1,435	-0,005
103,838	1,435	-0,005
103,905	1,43	-0,005
104	1,435	-0,005
104,1	1,44	-0,01
104,2	1,435	-0,005
104,3	1,44	-0,005
104,42	1,44	-0,005
104,5	1,44	0
104,601	1,44	-0,005
104,7	1,445	-0,005
104,8	1,445	-0,005
104,9	1,445	-0,005
105	1,445	-0,005
105,1	1,445	-0,005
105,2	1,445	-0,005
105,3	1,45	-0,005
105,4	1,445	-0,005
105,507	1,445	-0,005
105,6	1,45	0
105,7	1,45	-0,005
105,8	1,45	-0,005
105,901	1,45	-0,005
106,001	1,455	-0,005
106,1	1,455	-0,005
106,199	1,45	-0,005
106,3	1,455	-0,005
106,4	1,45	-0,005
106,5	1,46	0
106,615	1,455	-0,005
106,699	1,465	-0,005
106,8	1,46	-0,005
106,9	1,46	-0,005
107	1,46	-0,005
107,1	1,465	-0,005
107,2	1,46	-0,005
107,3	1,465	-0,005
107,4	1,465	-0,005
107,5	1,465	-0,005
107,6	1,465	-0,005
107,7	1,46	-0,005
107,811	1,465	-0,005
107,9	1,465	-0,005
108	1,47	-0,005
108,109	1,47	0
108,2	1,47	0
108,3	1,47	-0,005
108,4	1,47	-0,005
108,5	1,47	-0,005
108,6	1,48	-0,005
108,7	1,475	0
108,8	1,48	-0,005
108,9	1,475	-0,005
109	1,475	-0,005
109,1	1,48	-0,005
109,2	1,48	-0,005
109,3	1,48	-0,005
109,403	1,48	-0,005
109,5	1,48	0
109,6	1,48	-0,005
109,7	1,48	-0,005
109,799	1,48	-0,005
109,9	1,485	-0,005
109,999	1,485	-0,005
110,1	1,485	0
110,2	1,485	0
110,3	1,485	0
110,4	1,485	-0,005
110,5	1,49	-0,005
110,62	1,49	0
110,7	1,49	-0,005
110,8	1,5	0
110,9	1,49	-0,005
111	1,495	-0,005
111,1	1,495	-0,005
111,231	1,495	-0,01
111,3	1,5	-0,005
111,4	1,495	0
111,5	1,5	-0,005
111,605	1,495	-0,005
111,7	1,5	0
111,8	1,495	-0,005
111,9	1,5	-0,005
112	1,5	-0,005
112,1	1,505	-0,005
112,2	1,5	-0,005
112,3	1,505	-0,005
112,4	1,505	-0,005
112,5	1,505	-0,005
112,601	1,505	0
112,7	1,51	-0,005
112,81	1,51	-0,005
112,901	1,51	-0,005
113,001	1,51	-0,005
113,101	1,51	-0,005
113,201	1,51	-0,005
113,3	1,51	-0,005
113,401	1,51	-0,005
113,5	1,515	-0,005
113,599	1,515	-0,005
113,7	1,515	-0,005
113,8	1,515	0
113,9	1,515	-0,005
114	1,51	-0,005
114,1	1,52	-0,005
114,205	1,52	-0,005
114,301	1,52	-0,005
114,4	1,525	-0,005
114,517	1,52	-0,005
114,6	1,525	-0,005
114,7	1,52	-0,005
114,801	1,525	-0,005
114,9	1,525	-0,005
115	1,525	-0,005
115,1	1,525	-0,005
115,201	1,53	0
115,301	1,525	-0,005
115,401	1,53	0
115,513	1,525	-0,005
115,601	1,535	-0,005
115,7	1,535	-0,005
115,801	1,53	-0,005
115,9	1,535	0
116	1,53	-0,005
116,112	1,535	-0,005
116,2	1,535	-0,005
116,301	1,54	-0,005
116,4	1,54	0
116,516	1,54	0
116,62	1,54	-0,005
116,701	1,545	0
116,8	1,545	-0,005
116,901	1,54	-0,005
117,001	1,54	0
117,1	1,545	0
117,2	1,54	-0,005
117,307	1,545	-0,005
117,401	1,545	-0,005
117,5	1,545	-0,005
117,6	1,545	-0,005
117,7	1,545	0
117,8	1,545	0
117,9	1,555	-0,005
118	1,55	0
118,101	1,55	-0,005
118,201	1,55	-0,005
118,3	1,55	-0,005
118,406	1,55	-0,005
118,5	1,55	-0,005
118,629	1,555	-0,005
118,7	1,555	-0,005
118,8	1,555	-0,005
118,905	1,555	0
119	1,56	-0,005
119,1	1,555	0
119,2	1,56	0
119,3	1,56	-0,005
119,4	1,56	-0,005
119,501	1,56	0
119,6	1,56	-0,005
119,7	1,56	-0,005
119,8	1,565	-0,005
119,9	1,56	-0,005
120	1,565	-0,005
120,1	1,565	0
120,2	1,57	0
120,3	1,565	-0,005
120,4	1,57	0
120,501	1,57	-0,005
120,601	1,57	-0,005
120,7	1,575	0
120,801	1,57	-0,005
120,901	1,57	-0,005
121	1,57	0
121,1	1,575	0
121,2	1,575	0
121,3	1,575	0
121,4	1,575	0
121,5	1,575	-0,005
121,6	1,575	-0,005
121,7	1,58	-0,005
121,8	1,58	-0,005
121,9	1,58	0
122	1,58	-0,01
122,114	1,585	-0,005
122,2	1,58	-0,005
122,3	1,58	-0,005
122,4	1,585	-0,005
122,501	1,585	-0,005
122,601	1,585	-0,005
122,7	1,585	-0,005
122,8	1,585	-0,005
122,9	1,59	0
123	1,59	-0,005
123,1	1,59	-0,005
123,2	1,59	-0,005
123,3	1,605	-0,005
123,4	1,595	-0,005
123,5	1,595	-0,005
123,6	1,59	0
123,7	1,595	0
123,8	1,595	-0,005
123,901	1,595	-0,005
124	1,6	-0,01
124,1	1,595	-0,005
124,2	1,595	0
124,3	1,595	0
124,4	1,6	-0,005
124,5	1,6	0
124,6	1,6	0
124,7	1,6	0
124,816	1,605	0
124,9	1,605	0
125	1,605	0
125,1	1,605	0
125,2	1,605	-0,005
125,3	1,61	-0,005
125,4	1,61	-0,005
125,5	1,61	-0,005
125,618	1,61	-0,005
125,7	1,61	-0,005
125,801	1,61	0
125,9	1,61	-0,005
126	1,61	0
126,101	1,61	-0,005
126,205	1,615	-0,005
126,3	1,615	-0,005
126,4	1,62	0
126,5	1,615	-0,005
126,602	1,615	-0,005
126,7	1,615	-0,005
126,8	1,62	0
126,901	1,62	-0,005
127,008	1,62	-0,005
127,1	1,62	-0,005
127,2	1,62	-0,005
127,301	1,62	0
127,413	1,625	-0,005
127,5	1,63	-0,005
127,6	1,625	-0,005
127,701	1,625	-0,005
127,8	1,625	-0,005
127,9	1,63	0
128	1,625	0
128,101	1,625	-0,005
128,204	1,625	-0,005
128,3	1,63	-0,005
128,4	1,63	-0,005
128,501	1,63	-0,005
128,601	1,63	-0,005
128,7	1,635	-0,005
128,8	1,63	0
128,9	1,635	-0,005
129,001	1,635	-0,005
129,101	1,635	-0,005
129,209	1,635	-0,005
129,3	1,635	0
129,411	1,64	0
129,512	1,64	0
129,6	1,64	0
129,7	1,635	0
129,8	1,64	0
129,91	1,635	-0,005
130	1,64	-0,005
130,101	1,635	-0,005
130,2	1,635	0
130,314	1,635	0
130,401	1,64	0
130,5	1,64	0
130,601	1,64	-0,005
130,701	1,635	-0,005
130,8	1,635	0
130,901	1,635	-0,005
131,007	1,635	0
131,101	1,63	0
131,201	1,635	0
131,3	1,64	0
131,401	1,63	-0,005
131,501	1,63	0
131,601	1,64	0
131,701	1,635	0
131,801	1,635	0
131,907	1,63	-0,005
132,001	1,63	-0,005
132,1	1,635	0
132,2	1,63	0
132,301	1,63	0
132,4	1,63	-0,005
132,501	1,63	-0,005
132,601	1,63	0
132,7	1,625	-0,005
132,81	1,63	-0,005
132,9	1,63	0
133,001	1,625	0
133,1	1,63	0
133,201	1,625	-0,005
133,308	1,625	-0,005
133,401	1,625	-0,005
133,501	1,625	-0,005
133,6	1,625	0
133,701	1,625	0
133,801	1,625	-0,005
133,914	1,62	-0,005
134,001	1,625	-0,005
134,101	1,62	-0,005
134,201	1,62	-0,005
134,301	1,62	0
134,401	1,62	-0,005
134,501	1,62	-0,005
134,601	1,615	0
134,701	1,62	-0,005
134,801	1,615	-0,005
134,901	1,62	0
135,001	1,615	0
135,101	1,615	-0,005
135,201	1,615	0
135,301	1,615	-0,005
135,401	1,61	0
135,51	1,61	0
135,601	1,61	0
135,701	1,61	-0,005
135,801	1,615	0
135,9	1,61	-0,005
136,001	1,61	-0,005
136,101	1,61	0
136,201	1,61	0
136,3	1,61	-0,005
136,4	1,605	-0,005
136,501	1,605	0
136,6	1,61	0
136,7	1,61	-0,005
136,8	1,605	0
136,9	1,6	-0,005
137,002	1,6	-0,005
137,102	1,605	0
137,2	1,6	-0,005
137,3	1,6	-0,005
137,4	1,6	-0,005
137,5	1,605	-0,005
137,675	1,6	-0,005
137,7	1,6	-0,005
137,8	1,6	0
137,9	1,595	0
138	1,6	0
138,1	1,595	0
138,2	1,595	0
138,3	1,595	-0,005
138,4	1,6	0
138,5	1,59	-0,005
138,6	1,595	0
138,7	1,6	-0,005
138,813	1,59	0
138,9	1,59	-0,005
139,002	1,59	-0,005
139,1	1,59	0
139,2	1,59	-0,005
139,3	1,59	0
139,4	1,59	-0,005
139,5	1,59	-0,005
139,6	1,59	0
139,7	1,585	-0,005
139,8	1,585	-0,005
139,9	1,59	-0,005
140	1,585	-0,005
140,1	1,585	-0,005
140,2	1,59	-0,005
140,3	1,58	0
140,41	1,585	-0,005
140,5	1,58	-0,005
140,6	1,58	-0,005
140,7	1,58	-0,005
140,8	1,58	-0,005
140,9	1,58	-0,005
140,999	1,585	-0,005
141,1	1,58	-0,005
141,2	1,575	-0,005
141,3	1,575	0
141,419	1,58	0
141,5	1,575	0
141,6	1,575	-0,005
141,7	1,575	0
141,8	1,57	-0,005
141,9	1,57	-0,005
142	1,565	0
142,1	1,57	-0,01
142,2	1,57	-0,005
142,3	1,57	-0,005
142,4	1,575	-0,005
142,5	1,57	-0,005
142,6	1,565	-0,005
142,7	1,57	-0,005
142,8	1,57	0
142,908	1,565	-0,005
143	1,565	0
143,1	1,565	0
143,2	1,565	-0,005
143,304	1,565	-0,005
143,4	1,565	0
143,5	1,56	-0,005
143,6	1,565	0
143,7	1,56	-0,005
143,8	1,565	-0,005
143,9	1,565	-0,005
144	1,56	-0,005
144,1	1,555	0
144,2	1,55	-0,005
144,3	1,56	-0,005
144,4	1,555	-0,005
144,5	1,555	-0,005
144,6	1,555	-0,005
144,7	1,555	0
144,8	1,555	-0,005
144,9	1,565	-0,005
145,018	1,55	-0,005
145,099	1,55	0
145,271	1,555	0
145,3	1,55	-0,005
145,4	1,55	-0,005
145,506	1,55	-0,005
145,621	1,555	-0,005
145,726	1,55	0
145,8	1,545	-0,005
145,92	1,545	-0,005
146	1,545	0
146,1	1,545	-0,005
146,2	1,545	-0,005
146,3	1,545	0
146,4	1,545	-0,005
146,503	1,54	-0,005
146,6	1,54	-0,005
146,7	1,54	0
146,811	1,54	-0,005
146,9	1,54	0
147	1,54	0
147,1	1,54	0
147,2	1,535	-0,005
147,301	1,535	0
147,4	1,54	0
147,5	1,535	-0,01
147,6	1,535	-0,005
147,7	1,54	-0,005
147,8	1,535	-0,005
147,9	1,535	0
148	1,535	-0,005
148,101	1,53	-0,005
148,201	1,53	0
148,301	1,53	0
148,4	1,53	0
148,5	1,53	-0,005
148,601	1,525	-0,005
148,701	1,53	0
148,8	1,525	-0,005
148,901	1,525	-0,005
149	1,525	-0,005
149,1	1,53	-0,005
149,201	1,525	-0,005
149,301	1,525	-0,005
149,401	1,525	-0,005
149,501	1,525	-0,005
149,609	1,52	-0,005
149,7	1,525	-0,005
149,801	1,52	-0,005
149,901	1,525	-0,005
150,001	1,525	0
150,101	1,515	-0,005
150,201	1,52	-0,005
150,3	1,52	-0,005
150,401	1,52	-0,005
150,501	1,515	-0,005
150,601	1,515	0
150,701	1,515	-0,005
150,801	1,515	0
150,901	1,515	-0,005
151,001	1,51	0
151,1	1,51	-0,005
151,201	1,51	-0,005
151,3	1,51	0
151,401	1,51	0
151,501	1,51	-0,005
151,6	1,51	-0,005
151,7	1,51	-0,005
151,8	1,51	-0,005
151,9	1,51	0
152,001	1,5	-0,005
152,101	1,505	0
152,202	1,5	-0,005
152,303	1,505	-0,005
152,401	1,505	-0,005
152,5	1,5	-0,005
152,6	1,5	0
152,7	1,505	-0,005
152,8	1,5	-0,005
152,9	1,5	0
153	1,5	-0,005
153,1	1,5	-0,005
153,2	1,5	-0,005
153,299	1,5	-0,005
153,4	1,495	-0,005
153,501	1,495	-0,005
153,6	1,495	0
153,7	1,495	-0,005
153,8	1,495	0
153,9	1,5	-0,005
154	1,495	-0,005
154,101	1,49	-0,005
154,201	1,49	-0,005
154,306	1,495	-0,005
154,4	1,49	-0,005
154,5	1,49	-0,005
154,628	1,49	-0,005
154,711	1,49	0
154,8	1,49	0
154,9	1,49	-0,005
155,001	1,49	-0,005
155,1	1,485	-0,005
155,2	1,485	0
155,3	1,49	-0,01
155,409	1,48	-0,01
155,5	1,49	-0,005
155,6	1,485	-0,005
155,7	1,49	-0,005
155,8	1,48	-0,005
155,9	1,48	-0,005
156	1,48	0
156,1	1,48	-0,005
156,2	1,475	-0,005
156,3	1,48	-0,005
156,4	1,48	0
156,501	1,48	-0,005
156,601	1,475	-0,005
156,7	1,475	-0,005
156,8	1,475	0
156,9	1,475	-0,005
157	1,475	-0,005
157,1	1,475	-0,005
157,2	1,475	-0,005
157,3	1,475	-0,005
157,4	1,47	-0,005
157,5	1,47	0
157,6	1,47	0
157,727	1,47	-0,005
157,8	1,47	-0,005
157,9	1,465	-0,005
158	1,47	0
158,1	1,47	-0,005
158,2	1,47	-0,005
158,301	1,465	0
158,4	1,465	-0,005
158,5	1,46	-0,005
158,6	1,465	-0,005
158,7	1,465	-0,005
158,8	1,465	-0,005
158,9	1,465	-0,005
159	1,46	-0,005
159,1	1,46	0
159,2	1,465	-0,005
159,3	1,46	-0,005
159,4	1,46	-0,005
159,5	1,46	-0,005
159,601	1,46	0
159,701	1,46	-0,005
159,8	1,455	-0,005
159,9	1,46	-0,005
160,001	1,455	-0,005
160,101	1,45	-0,005
160,2	1,455	-0,01
160,3	1,455	0
160,42	1,45	-0,005
160,5	1,455	0
160,616	1,455	-0,005
160,7	1,455	-0,005
160,8	1,45	-0,005
160,901	1,445	-0,005
161	1,445	-0,005
161,101	1,45	-0,005
161,2	1,445	-0,005
161,3	1,45	-0,005
161,4	1,445	0
161,526	1,445	-0,005
161,623	1,45	0
161,7	1,45	-0,005
161,8	1,445	-0,005
161,901	1,445	-0,005
162	1,445	0
162,1	1,44	-0,005
162,2	1,44	-0,005
162,299	1,445	-0,005
162,4	1,44	-0,005
162,5	1,44	-0,005
162,6	1,44	-0,005
162,7	1,44	-0,005
162,8	1,44	-0,005
162,9	1,44	-0,005
163	1,44	-0,005
163,099	1,435	-0,005
163,2	1,435	0
163,319	1,435	-0,005
163,415	1,435	-0,005
163,5	1,435	-0,005
163,599	1,435	-0,005
163,7	1,43	-0,005
163,8	1,43	-0,005
163,9	1,435	-0,005
164	1,435	-0,005
164,101	1,43	-0,005
164,2	1,43	-0,005
164,3	1,43	0
164,4	1,43	0
164,509	1,425	-0,005
164,6	1,43	0
164,7	1,43	-0,01
164,801	1,43	-0,005
164,906	1,42	-0,01
165,001	1,425	-0,005
165,168	1,425	-0,005
165,206	1,425	-0,005
165,301	1,425	-0,005
165,401	1,42	-0,005
165,499	1,42	-0,005
165,601	1,42	0
165,701	1,42	-0,005
165,801	1,42	-0,01
165,901	1,42	-0,01
166,001	1,42	-0,005
166,1	1,42	-0,005
166,2	1,42	-0,005
166,301	1,415	-0,005
166,401	1,415	-0,005
166,501	1,415	0
166,6	1,415	-0,005
166,701	1,41	-0,005
166,801	1,415	-0,005
166,901	1,415	-0,005
167,001	1,41	-0,005
167,101	1,41	-0,005
167,201	1,41	-0,005
167,301	1,41	-0,005
167,421	1,41	-0,005
167,5	1,405	-0,005
167,601	1,41	-0,005
167,7	1,41	-0,005
167,801	1,41	-0,01
167,9	1,405	-0,005
168,001	1,41	0
168,101	1,41	0
168,201	1,41	-0,005
168,301	1,405	-0,005
168,401	1,405	-0,01
168,501	1,4	-0,005
168,601	1,405	-0,005
168,701	1,405	-0,005
168,801	1,405	-0,005
168,9	1,4	-0,01
169,001	1,4	-0,005
169,101	1,4	-0,005
169,201	1,4	-0,005
169,3	1,4	-0,01
169,401	1,395	0
169,504	1,4	-0,01
169,601	1,4	-0,005
169,701	1,395	-0,005
169,8	1,395	-0,005
169,901	1,395	-0,005
170	1,395	-0,01
170,101	1,39	-0,005
170,201	1,395	-0,005
170,301	1,395	-0,005
170,4	1,39	-0,01
170,501	1,39	0
170,602	1,39	-0,005
170,701	1,39	-0,005
170,826	1,385	-0,01
170,932	1,385	-0,005
171,014	1,385	-0,005
171,1	1,385	-0,005
171,2	1,385	-0,005
171,3	1,39	-0,005
171,401	1,385	-0,005
171,501	1,385	-0,005
171,6	1,39	-0,005
171,7	1,385	0
171,8	1,385	-0,005
171,9	1,38	-0,005
172	1,385	-0,005
172,1	1,38	-0,005
172,2	1,385	-0,005
172,3	1,38	-0,005
172,4	1,38	-0,005
172,5	1,38	-0,005
172,601	1,38	-0,005
172,7	1,375	-0,005
172,8	1,38	-0,005
172,9	1,375	-0,01
173	1,375	-0,005
173,1	1,375	-0,005
173,2	1,375	-0,005
173,3	1,37	-0,005
173,4	1,37	-0,005
173,52	1,375	-0,005
173,603	1,375	-0,005
173,7	1,37	-0,005
173,8	1,37	-0,01
173,941	1,375	0
174	1,37	-0,01
174,1	1,37	-0,005
174,222	1,37	-0,005
174,3	1,365	-0,01
174,4	1,37	0
174,5	1,365	-0,01
174,601	1,365	-0,005
174,707	1,365	-0,005
174,8	1,365	-0,005
174,9	1,36	-0,005
175	1,365	-0,005
175,103	1,365	-0,005
175,2	1,365	-0,005
175,3	1,36	-0,005
175,4	1,36	-0,005
175,5	1,36	-0,01
175,62	1,365	-0,005
175,7	1,36	-0,005
175,799	1,36	-0,005
175,9	1,36	-0,005
176	1,36	-0,005
176,1	1,355	-0,005
176,2	1,355	-0,005
176,3	1,355	-0,01
176,399	1,355	-0,005
176,517	1,355	-0,01
176,601	1,355	-0,005
176,7	1,35	-0,005
176,81	1,35	-0,005
176,9	1,35	-0,005
177	1,35	-0,01
177,113	1,355	-0,005
177,265	1,35	0
177,3	1,35	-0,005
177,4	1,35	-0,005
177,5	1,35	-0,005
177,6	1,35	-0,005
177,7	1,35	-0,01
177,8	1,345	-0,01
177,9	1,35	-0,005
178	1,345	-0,01
178,108	1,345	-0,005
178,259	1,345	-0,005
178,299	1,345	-0,01
178,4	1,34	-0,005
178,519	1,34	-0,005
178,617	1,345	-0,005
178,7	1,34	-0,01
178,799	1,34	-0,005
178,914	1,34	-0,005
179	1,34	-0,005
179,1	1,34	-0,005
179,2	1,34	-0,005
179,299	1,34	-0,005
179,399	1,335	-0,005
179,5	1,34	-0,005
179,6	1,335	-0,005
179,7	1,335	-0,005
179,8	1,34	-0,005
179,9	1,335	-0,005
180	1,335	-0,005
180,1	1,335	-0,01
180,202	1,33	-0,005
180,3	1,335	-0,005
180,4	1,335	-0,005
180,5	1,33	-0,01
180,6	1,33	-0,005
180,7	1,335	-0,005
180,811	1,33	-0,005
180,9	1,33	-0,01
181,004	1,33	-0,01
181,1	1,33	-0,005
181,2	1,325	-0,005
181,299	1,33	-0,01
181,4	1,33	-0,01
181,5	1,33	-0,01
181,6	1,33	-0,005
181,701	1,325	-0,005
181,801	1,32	-0,005
181,9	1,325	-0,01
182,001	1,325	-0,005
182,101	1,32	-0,005
182,2	1,325	-0,005
182,301	1,325	-0,01
182,401	1,32	-0,005
182,5	1,325	-0,005
182,6	1,325	-0,005
182,711	1,32	-0,005
182,8	1,32	-0,005
182,9	1,32	-0,01
183,001	1,32	-0,005
183,101	1,315	-0,005
183,2	1,32	-0,005
183,301	1,315	-0,005
183,401	1,315	-0,005
183,501	1,315	-0,005
183,601	1,315	-0,005
183,701	1,315	-0,005
183,801	1,31	-0,005
183,901	1,31	-0,005
184,001	1,31	-0,005
184,101	1,31	-0,01
184,201	1,315	-0,005
184,32	1,31	-0,01
184,401	1,31	-0,01
184,501	1,31	-0,005
184,601	1,31	-0,01
184,701	1,31	-0,005
184,814	1,32	-0,005
184,9	1,31	-0,005
185,001	1,305	-0,005
185,102	1,305	-0,005
185,201	1,305	-0,005
185,301	1,305	-0,005
185,4	1,305	-0,01
185,501	1,305	0
185,601	1,305	-0,005
185,701	1,305	-0,005
185,8	1,305	-0,005
185,903	1,305	-0,005
186	1,305	-0,01
186,1	1,3	-0,01
186,2	1,3	-0,005
186,308	1,3	-0,005
186,4	1,3	-0,005
186,5	1,3	-0,005
186,6	1,295	-0,005
186,7	1,3	-0,005
186,801	1,3	-0,01
186,9	1,315	-0,005
187,001	1,295	-0,005
187,1	1,295	-0,005
187,2	1,295	-0,005
187,3	1,295	-0,005
187,4	1,295	-0,005
187,5	1,295	-0,005
187,601	1,295	-0,01
187,7	1,29	-0,01
187,8	1,29	-0,005
187,9	1,295	-0,005
188	1,295	-0,005
188,1	1,29	-0,005
188,201	1,29	-0,005
188,3	1,285	-0,005
188,4	1,285	-0,005
188,5	1,29	-0,01
188,599	1,29	-0,005
188,7	1,29	-0,01
188,8	1,29	-0,005
188,924	1,285	-0,005
189	1,29	-0,005
189,101	1,285	-0,005
189,204	1,285	-0,005
189,3	1,285	-0,005
189,4	1,285	-0,005
189,501	1,285	-0,005
189,6	1,285	-0,005
189,7	1,275	-0,005
189,8	1,28	-0,005
189,9	1,285	-0,005
190	1,28	-0,005
190,1	1,28	-0,01
190,201	1,275	-0,005
190,3	1,275	-0,005
190,409	1,275	-0,01
190,5	1,275	-0,005
190,6	1,275	-0,005
190,7	1,275	-0,005
190,8	1,27	-0,01
190,9	1,27	-0,005
191	1,27	-0,005
191,1	1,27	-0,005
191,2	1,27	-0,005
191,3	1,27	-0,01
191,423	1,27	-0,005
191,58	1,265	-0,005
191,636	1,27	-0,01
191,703	1,27	-0,005
191,832	1,265	-0,005
191,922	1,27	-0,005
192	1,27	-0,01
192,101	1,265	0
192,2	1,265	-0,005
192,3	1,265	-0,01
192,414	1,265	-0,005
192,5	1,265	-0,005
192,6	1,265	-0,005
192,7	1,265	0
192,8	1,26	-0,005
192,9	1,265	-0,005
193,001	1,26	-0,005
193,121	1,265	-0,005
193,2	1,26	-0,005
193,301	1,265	-0,005
193,4	1,26	-0,01
193,501	1,255	-0,005
193,65	1,265	-0,005
193,7	1,26	-0,005
193,8	1,255	-0,01
193,9	1,26	-0,005
194,006	1,26	-0,01
194,101	1,255	-0,005
194,2	1,255	-0,005
194,3	1,255	-0,01
194,4	1,255	0
194,529	1,255	-0,005
194,6	1,25	-0,005
194,7	1,25	-0,005
194,8	1,25	-0,005
194,9	1,255	-0,01
195	1,25	-0,005
195,104	1,25	-0,005
195,2	1,25	-0,005
195,301	1,25	-0,005
195,4	1,25	-0,005
195,5	1,25	-0,005
195,6	1,25	-0,005
195,7	1,25	-0,005
195,8	1,25	-0,01
195,9	1,245	-0,005
196	1,245	-0,01
196,1	1,245	-0,005
196,2	1,24	-0,005
196,3	1,245	-0,01
196,4	1,24	-0,005
196,5	1,245	-0,01
196,616	1,25	-0,005
196,7	1,245	-0,005
196,8	1,24	-0,005
196,9	1,24	-0,005
197	1,24	-0,005
197,1	1,245	-0,005
197,2	1,235	-0,01
197,3	1,24	-0,005
197,4	1,24	-0,005
197,503	1,235	-0,005
197,6	1,235	-0,005
197,7	1,235	-0,005
197,8	1,24	-0,005
197,9	1,23	-0,005
198	1,23	-0,005
198,1	1,23	-0,005
198,199	1,23	-0,01
198,3	1,235	-0,005
198,4	1,23	-0,005
198,508	1,23	0
198,6	1,23	-0,005
198,7	1,23	-0,005
198,801	1,23	-0,005
198,9	1,23	0
199,001	1,23	-0,005
199,099	1,23	0
199,201	1,23	-0,005
199,3	1,23	-0,01
199,403	1,23	-0,005
199,5	1,23	-0,005
199,601	1,225	-0,005
199,7	1,23	-0,005
199,8	1,23	-0,01
199,901	1,225	-0,005
200	1,225	-0,005
200,101	1,225	0
200,201	1,225	-0,005
200,301	1,225	-0,005
200,401	1,22	-0,005
200,5	1,22	-0,005
200,601	1,22	-0,005
200,7	1,225	-0,005
200,801	1,22	-0,01
200,901	1,22	-0,005
201,02	1,22	-0,005
201,101	1,22	-0,005
201,201	1,22	-0,005
201,301	1,215	-0,005
201,4	1,22	-0,005
201,501	1,215	-0,005
201,601	1,215	-0,01
201,701	1,215	-0,005
201,801	1,215	-0,005
201,907	1,215	-0,005
202,001	1,215	-0,005
202,101	1,21	0
202,201	1,21	-0,005
202,3	1,215	-0,005
202,4	1,215	-0,005
202,501	1,21	-0,005
202,601	1,21	-0,005
202,708	1,215	-0,01
202,811	1,21	-0,005
202,901	1,21	-0,005
203,001	1,21	-0,005
203,101	1,21	-0,005
203,201	1,21	-0,005
203,3	1,21	-0,005
203,4	1,21	-0,005
203,501	1,21	-0,01
203,601	1,205	-0,005
203,701	1,205	-0,005
203,801	1,2	-0,005
203,9	1,205	-0,005
204,001	1,205	-0,005
204,101	1,2	-0,005
204,201	1,2	0
204,301	1,2	-0,005
204,4	1,205	0
204,5	1,205	-0,005
204,642	1,2	-0,005
204,708	1,2	-0,005
204,801	1,195	-0,005
204,901	1,2	-0,005
205,001	1,195	-0,005
205,1	1,195	0
205,201	1,195	-0,005
205,301	1,195	-0,005
205,4	1,195	0
205,51	1,195	-0,005
205,601	1,195	-0,005
205,701	1,195	-0,005
205,8	1,195	-0,005
205,9	1,195	-0,005
206,001	1,19	-0,005
206,1	1,19	-0,005
206,2	1,19	-0,005
206,3	1,195	-0,005
206,401	1,19	-0,01
206,501	1,19	-0,005
206,601	1,19	0
206,7	1,19	0
206,801	1,19	-0,005
206,9	1,19	-0,005
207	1,185	-0,005
207,1	1,19	-0,01
207,2	1,185	-0,005
207,3	1,19	-0,005
207,4	1,185	-0,005
207,5	1,185	-0,005
207,6	1,185	-0,005
207,7	1,185	-0,005
207,8	1,19	-0,005
207,9	1,18	-0,005
208,01	1,18	-0,005
208,101	1,185	-0,005
208,2	1,185	-0,005
208,3	1,185	-0,005
208,4	1,18	-0,005
208,5	1,18	-0,005
208,6	1,18	-0,005
208,7	1,18	0
208,8	1,185	-0,005
208,922	1,18	-0,005
209	1,18	-0,005
209,1	1,175	-0,005
209,213	1,18	-0,005
209,329	1,175	-0,005
209,399	1,175	-0,005
209,5	1,18	-0,005
209,6	1,175	-0,005
209,7	1,18	-0,005
209,801	1,175	-0,005
209,901	1,17	0
210	1,175	-0,005
210,1	1,175	-0,005
210,2	1,17	-0,005
210,3	1,17	-0,005
210,4	1,17	0
210,5	1,17	-0,005
210,602	1,17	-0,005
210,701	1,165	-0,005
210,8	1,17	-0,005
210,9	1,165	0
211	1,165	-0,005
211,1	1,165	-0,005
211,2	1,17	-0,005
211,3	1,17	-0,005
211,4	1,17	0
211,5	1,165	-0,005
211,6	1,16	-0,005
211,7	1,165	-0,005
211,8	1,165	-0,005
211,911	1,165	-0,005
212	1,16	-0,005
212,114	1,16	-0,005
212,2	1,16	0
212,3	1,16	-0,005
212,4	1,16	-0,005
212,5	1,16	-0,005
212,6	1,16	-0,005
212,7	1,16	-0,005
212,804	1,16	-0,005
212,9	1,16	-0,005
213	1,16	0
213,1	1,155	0
213,2	1,155	-0,005
213,3	1,16	-0,005
213,4	1,15	0
213,499	1,16	-0,005
213,6	1,155	0
213,7	1,155	-0,005
213,801	1,155	-0,005
213,9	1,155	0
214	1,155	-0,005
214,1	1,15	0
214,2	1,15	-0,005
214,3	1,15	0
214,4	1,15	-0,005
214,5	1,15	0
214,601	1,15	0
214,7	1,15	-0,005
214,8	1,15	0
214,905	1,15	-0,005
215	1,15	-0,005
215,116	1,15	0
215,216	1,15	-0,005
215,3	1,145	-0,005
215,411	1,15	-0,005
215,5	1,15	-0,005
215,601	1,15	0
215,7	1,145	-0,005
215,8	1,145	0
215,9	1,14	-0,005
216,001	1,145	0
216,1	1,145	-0,005
216,2	1,145	0
216,3	1,14	-0,005
216,399	1,14	-0,005
216,499	1,14	-0,005
216,6	1,14	0
216,7	1,14	-0,005
216,8	1,145	-0,005
216,9	1,135	0
217	1,14	-0,005
217,1	1,135	-0,005
217,2	1,14	0
217,3	1,14	-0,005
217,401	1,14	-0,005
217,5	1,135	-0,005
217,6	1,145	0
217,701	1,135	-0,005
217,8	1,13	0
217,901	1,13	-0,005
218,002	1,14	-0,005
218,1	1,135	0
218,216	1,13	-0,005
218,301	1,13	0
218,401	1,13	0
218,5	1,13	-0,005
218,601	1,13	0
218,709	1,125	-0,005
218,8	1,13	-0,005
218,901	1,13	-0,005
219,001	1,135	-0,005
219,101	1,13	0
219,201	1,125	-0,005
219,3	1,125	0
219,428	1,13	0
219,501	1,125	0
219,601	1,13	0
219,701	1,125	-0,005
219,801	1,125	0
219,901	1,13	-0,005
220,001	1,125	0
220,101	1,12	0
220,2	1,125	-0,005
220,301	1,125	-0,005
220,401	1,125	0
220,5	1,12	0
220,601	1,125	0
220,701	1,12	-0,005
220,801	1,12	0
220,9	1,12	0
221	1,115	0
221,1	1,12	-0,005
221,201	1,12	0
221,302	1,12	-0,005
221,401	1,115	0
221,501	1,12	-0,005
221,601	1,115	-0,005
221,701	1,12	0
221,801	1,115	0
221,9	1,11	-0,005
222	1,12	0
222,1	1,115	0
222,2	1,115	0
222,3	1,115	-0,005
222,402	1,11	0
222,5	1,11	0
222,6	1,11	0
222,701	1,115	0
222,8	1,11	-0,005
222,901	1,11	0
223	1,11	-0,005
223,1	1,11	-0,005
223,2	1,105	0
223,3	1,11	0
223,4	1,105	-0,005
223,5	1,11	-0,005
223,6	1,105	0
223,7	1,105	0
223,8	1,105	0
223,9	1,11	0
224	1,105	-0,005
224,1	1,105	0
224,2	1,105	0
224,3	1,1	0
224,4	1,105	0
224,5	1,11	0
224,601	1,1	-0,005
224,701	1,1	0
224,834	1,105	0
224,9	1,105	0
225	1,105	-0,005
225,1	1,1	0
225,2	1,1	0
225,3	1,1	0
225,401	1,1	0
225,5	1,1	0
225,6	1,095	0
225,7	1,1	0
225,8	1,1	0
225,918	1,095	0
226	1,095	0
226,1	1,095	0
226,2	1,095	-0,005
226,3	1,09	0
226,4	1,095	0
226,5	1,095	0
226,6	1,095	0
226,718	1,1	0
226,824	1,09	0
226,9	1,09	0
227	1,09	0,005
227,136	1,09	0
227,2	1,09	0
227,3	1,09	0
227,4	1,09	0
227,5	1,09	0
227,6	1,095	-0,005
227,7	1,09	0
227,8	1,085	0
227,9	1,085	0
228	1,085	0
228,1	1,085	0
228,2	1,085	0
228,3	1,085	0
228,4	1,085	0
228,526	1,085	-0,005
228,6	1,085	0
228,7	1,085	0
228,8	1,085	0
228,9	1,08	0
229,001	1,08	0
229,101	1,08	0
229,224	1,08	0
229,3	1,08	0
229,4	1,08	0,005
229,5	1,08	0
229,615	1,08	0
229,706	1,08	0
229,8	1,08	0
229,9	1,075	0
230,001	1,075	0
230,1	1,075	0
230,2	1,07	0
230,341	1,075	0
230,4	1,075	0
230,5	1,075	0
230,6	1,075	0
230,7	1,075	0
230,8	1,075	0
230,899	1,07	0
231	1,075	0
231,101	1,07	0
231,2	1,07	0
231,3	1,075	0
231,4	1,07	0
231,501	1,07	0
231,602	1,07	0
231,7	1,07	0
231,8	1,07	0
231,9	1,07	0,005
232,02	1,07	0
232,1	1,065	0
232,2	1,065	0
232,3	1,065	0
232,4	1,06	0
232,501	1,065	0,005
232,601	1,065	0
232,7	1,065	0
232,8	1,065	0
232,901	1,065	0,005
233	1,06	0
233,101	1,065	0
233,2	1,06	0,005
233,3	1,065	0
233,408	1,065	0
233,5	1,06	0
233,6	1,06	0
233,699	1,06	0,005
233,8	1,065	0
233,9	1,06	0
234	1,055	0,005
234,1	1,06	0
234,2	1,065	0
234,301	1,06	0,005
234,43	1,055	0
234,5	1,06	0
234,602	1,055	0
234,7	1,05	0
234,801	1,055	0
234,901	1,055	0,005
235,001	1,055	0,005
235,101	1,055	0
235,207	1,05	0
235,3	1,06	0
235,4	1,055	0
235,501	1,05	0
235,601	1,055	0,005
235,701	1,055	0,005
235,801	1,045	0,005
235,901	1,055	0
236	1,05	0,005
236,101	1,045	0
236,201	1,065	0
236,301	1,05	0
236,403	1,05	0,005
236,501	1,045	0,005
236,601	1,05	0
236,742	1,045	0
236,801	1,045	0,005
236,901	1,045	0
237,001	1,045	0,005
237,1	1,05	0
237,201	1,045	0,005
237,301	1,045	0
237,401	1,04	0
237,502	1,045	0
237,615	1,045	0,005
237,701	1,04	0
237,801	1,04	0,005
237,901	1,045	0,005
238,001	1,04	0
238,101	1,04	0
238,201	1,04	0,005
238,301	1,04	0,005
238,401	1,045	0,005
238,501	1,04	0
238,601	1,04	0,005
238,718	1,04	0,005
238,8	1,04	0,005
238,901	1,035	0
239,001	1,035	0,005
239,107	1,035	0
239,201	1,03	0,005
239,301	1,04	0,005
239,401	1,035	0,005
239,511	1,03	0
239,602	1,03	0,005
239,718	1,035	0,005
239,802	1,035	0,005
239,9	1,035	0,005
240,002	1,035	0,005
240,101	1,03	0,005
240,202	1,03	0
240,302	1,03	0,005
240,401	1,03	0,005
240,502	1,03	0,005
240,6	1,03	0,01
240,702	1,03	0,005
240,802	1,03	0,005
240,9	1,025	0,005
241,002	1,025	0,005
241,162	1,025	0,005
241,217	1,025	0,005
241,3	1,03	0
241,4	1,03	0,01
241,502	1,025	0,005
241,6	1,025	0,005
241,702	1,03	0,005
241,8	1,025	0,005
241,902	1,025	0,005
242,002	1,025	0,005
242,102	1,025	0,005
242,201	1,025	0,005
242,302	1,025	0,005
242,399	1,025	0,005
242,501	1,02	0,005
242,601	1,02	0,005
242,702	1,02	0,005
242,824	1,02	0,005
242,902	1,02	0,005
243,001	1,02	0,005
243,102	1,02	0
243,248	1,02	0,005
243,31	1,02	0,005
243,401	1,02	0,005
243,501	1,015	0,01
243,601	1,015	0,005
243,701	1,02	0,01
243,827	1,02	0,005
243,9	1,015	0,005
244,003	1,015	0,005
244,099	1,015	0,005
244,2	1,015	0,01
244,3	1,015	0,005
244,4	1,015	0,005
244,5	1,015	0,005
244,6	1,01	0,005
244,7	1,015	0,005
244,8	1,015	0,01
244,902	1,015	0,005
245	1,015	0,01
245,1	1,015	0,005
245,201	1,01	0,005
245,301	1,01	0,005
245,4	1,005	0,005
245,5	1,01	0,005
245,6	1,01	0,005
245,7	1,005	0,005
245,801	1,005	0,01
245,9	1,005	0,005
246	1,01	0,005
246,1	1,01	0,005
246,202	1,005	0,005
246,3	1,005	0,005
246,4	1,005	0,005
246,5	1,01	0,005
246,601	1,01	0,005
246,702	1,005	0,005
246,801	1	0,005
246,901	1,005	0,005
247,001	1,005	0,005
247,101	1,005	0,005
247,2	1	0,005
247,301	1	0,005
247,4	1	0,01
247,5	1	0,01
247,6	1	0,005
247,701	1,005	0,005
247,8	1	0,01
247,901	1	0,005
248	1	0,01
248,1	1	0,01
248,199	0,995	0,005
248,301	0,995	0,01
248,401	1	0,005
248,501	0,995	0,01
248,601	1	0,005
248,712	1	0,01
248,813	0,995	0,005
248,901	0,995	0,01
249,001	0,99	0,01
249,101	0,995	0,01
249,2	0,995	0,01
249,3	0,995	0,01
249,401	0,995	0,005
249,5	0,99	0,005
249,599	0,99	0,01
249,701	0,995	0,005
249,825	0,99	0,005
249,901	0,99	0,005
250	0,995	0,005
250,101	0,99	0,01
250,201	0,99	0,005
250,3	0,99	0,005
250,401	0,99	0,01
250,509	0,99	0,01
250,601	0,985	0,005
250,7	0,99	0,01
250,801	0,985	0,005
250,901	0,985	0,01
251,001	0,985	0,01
251,101	0,985	0,01
251,201	0,99	0,005
251,301	0,98	0,01
251,4	0,985	0,01
251,501	0,985	0,005
251,603	0,985	0,005
251,7	0,985	0,005
251,8	0,985	0,01
251,907	0,985	0,01
252,001	0,985	0,01
252,126	0,985	0,01
252,2	0,98	0,01
252,301	0,985	0,01
252,401	0,985	0,01
252,5	0,985	0,01
252,601	0,98	0,01
252,701	0,98	0,01
252,801	0,98	0,01
252,901	0,985	0,01
253,015	0,975	0,01
253,107	0,98	0,01
253,201	0,98	0,01
253,301	0,975	0,01
253,401	0,975	0,01
253,5	0,975	0,01
253,63	0,98	0,01
253,701	0,975	0,01
253,801	0,975	0,01
253,901	0,975	0,005
254,001	0,975	0,01
254,101	0,975	0,01
254,201	0,975	0,01
254,3	0,975	0,005
254,413	0,975	0,01
254,5	0,975	0,01
254,601	0,97	0,01
254,701	0,975	0,005
254,825	0,975	0,01
254,901	0,97	0,01
255,001	0,97	0,015
255,105	0,97	0,01
255,2	0,97	0,01
255,3	0,97	0,01
255,401	0,97	0,01
255,5	0,97	0,01
255,601	0,97	0,01
255,701	0,97	0,01
255,8	0,965	0,015
255,901	0,965	0,01
256	0,97	0,01
256,1	0,97	0,01
256,2	0,965	0,01
256,301	0,97	0,01
256,401	0,97	0,015
256,5	0,965	0,01
256,601	0,965	0,015
256,729	0,965	0,01
256,8	0,965	0,01
256,9	0,965	0,015
257	0,96	0,01
257,122	0,96	0,01
257,2	0,965	0,01
257,3	0,965	0,01
257,4	0,96	0,01
257,5	0,96	0,01
257,6	0,96	0,01
257,701	0,96	0,01
257,8	0,965	0,01
257,901	0,96	0,01
258	0,96	0,015
258,1	0,96	0,01
258,2	0,955	0,01
258,301	0,96	0,01
258,4	0,96	0,01
258,5	0,96	0,01
258,6	0,955	0,015
258,7	0,955	0,01
258,8	0,955	0,01
258,9	0,96	0,01
259	0,96	0,015
259,1	0,96	0,01
259,2	0,96	0,01
259,3	0,955	0,01
259,4	0,955	0,015
259,5	0,955	0,01
259,614	0,95	0,01
259,7	0,95	0,015
259,8	0,95	0,01
259,9	0,955	0,015
260	0,95	0,01
260,1	0,95	0,015
260,2	0,95	0,015
260,3	0,95	0,015
260,4	0,95	0,01
260,559	0,945	0,01
260,644	0,945	0,01
260,7	0,95	0,015
260,8	0,945	0,01
260,9	0,95	0,01
261	0,95	0,015
261,1	0,95	0,015
261,2	0,945	0,015
261,301	0,945	0,01
261,4	0,95	0,015
261,5	0,945	0,015
261,6	0,945	0,015
261,713	0,945	0,015
261,8	0,945	0,01
261,9	0,945	0,01
262	0,945	0,015
262,1	0,945	0,01
262,2	0,945	0,01
262,3	0,94	0,015
262,4	0,945	0,015
262,5	0,945	0,015
262,601	0,945	0,015
262,704	0,945	0,015
262,8	0,945	0,01
262,9	0,94	0,015
263	0,945	0,015
263,1	0,94	0,01
263,2	0,94	0,015
263,301	0,94	0,015
263,4	0,94	0,015
263,504	0,94	0,015
263,6	0,94	0,015
263,7	0,94	0,015
263,8	0,94	0,015
263,9	0,935	0,015
264	0,94	0,015
264,1	0,935	0,015
264,2	0,935	0,015
264,3	0,935	0,015
264,432	0,935	0,01
264,5	0,935	0,01
264,6	0,935	0,015
264,705	0,93	0,015
264,8	0,935	0,015
264,9	0,935	0,015
265	0,935	0,015
265,1	0,935	0,015
265,201	0,935	0,015
265,3	0,93	0,015
265,4	0,935	0,015
265,523	0,935	0,015
265,6	0,93	0,015
265,7	0,93	0,015
265,8	0,935	0,015
265,9	0,93	0,015
266,026	0,93	0,015
266,1	0,93	0,015
266,2	0,93	0,01
266,324	0,93	0,015
266,4	0,925	0,015
266,5	0,925	0,015
266,6	0,925	0,02
266,728	0,925	0,015
266,805	0,935	0,015
266,9	0,925	0,015
267	0,925	0,015
267,1	0,925	0,015
267,2	0,925	0,015
267,3	0,925	0,015
267,4	0,925	0,015
267,5	0,925	0,015
267,6	0,925	0,015
267,7	0,925	0,015
267,8	0,925	0,015
267,9	0,925	0,015
268	0,92	0,015
268,101	0,925	0,015
268,201	0,92	0,015
268,3	0,925	0,015
268,4	0,92	0,015
268,5	0,92	0,02
268,6	0,92	0,015
268,701	0,92	0,02
268,801	0,92	0,01
268,9	0,92	0,015
269,001	0,915	0,015
269,1	0,92	0,015
269,2	0,915	0,02
269,299	0,92	0,02
269,4	0,915	0,01
269,5	0,915	0,015
269,601	0,915	0,015
269,701	0,915	0,02
269,83	0,915	0,02
269,9	0,915	0,015
270,006	0,915	0,02
270,101	0,915	0,02
270,201	0,91	0,015
270,301	0,915	0,02
270,4	0,92	0,015
270,501	0,915	0,02
270,601	0,91	0,02
270,701	0,915	0,015
270,801	0,915	0,015
270,901	0,91	0,02
271	0,915	0,015
271,1	0,91	0,015
271,202	0,91	0,015
271,301	0,91	0,015
271,417	0,91	0,02
271,501	0,91	0,02
271,601	0,91	0,02
271,701	0,91	0,02
271,8	0,91	0,02
271,901	0,905	0,015
272	0,915	0,015
272,101	0,91	0,015
272,201	0,91	0,02
272,301	0,905	0,015
272,413	0,905	0,02
272,501	0,905	0,015
272,601	0,91	0,02
272,701	0,905	0,02
272,8	0,905	0,02
272,901	0,905	0,02
273,001	0,905	0,02
273,101	0,9	0,015
273,218	0,905	0,02
273,33	0,905	0,02
273,4	0,905	0,02
273,501	0,905	0,02
273,601	0,9	0,02
273,701	0,905	0,02
273,801	0,905	0,02
273,901	0,9	0,02
274,001	0,905	0,02
274,112	0,9	0,02
274,201	0,905	0,015
274,3	0,9	0,02
274,412	0,9	0,02
274,501	0,9	0,02
274,601	0,895	0,02
274,701	0,9	0,02
274,801	0,9	0,015
274,9	0,9	0,015
275	0,895	0,02
275,101	0,895	0,02
275,201	0,895	0,02
275,3	0,9	0,02
275,4	0,9	0,02
275,501	0,895	0,02
275,605	0,895	0,02
275,701	0,895	0,02
275,8	0,895	0,02
275,901	0,895	0,02
276,001	0,895	0,02
276,1	0,895	0,02
276,2	0,895	0,02
276,3	0,89	0,02
276,401	0,89	0,02
276,501	0,895	0,02
276,601	0,895	0,02
276,712	0,89	0,02
276,801	0,89	0,02
276,901	0,885	0,02
277	0,89	0,02
277,1	0,89	0,02
277,2	0,89	0,02
277,3	0,89	0,02
277,4	0,89	0,02
277,5	0,885	0,02
277,6	0,885	0,02
277,7	0,885	0,02
277,8	0,89	0,015
277,9	0,89	0,02
278	0,89	0,02
278,1	0,89	0,02
278,2	0,885	0,02
278,3	0,885	0,02
278,4	0,89	0,02
278,5	0,885	0,02
278,602	0,885	0,015
278,7	0,885	0,02
278,8	0,885	0,02
278,9	0,885	0,02
279	0,88	0,02
279,101	0,885	0,025
279,2	0,885	0,02
279,3	0,88	0,02
279,4	0,885	0,02
279,5	0,88	0,02
279,6	0,88	0,025
279,701	0,885	0,02
279,8	0,88	0,02
279,9	0,88	0,02
280,011	0,885	0,02
280,1	0,88	0,02
280,2	0,88	0,02
280,3	0,88	0,02
280,4	0,88	0,02
280,5	0,88	0,02
280,6	0,875	0,025
280,7	0,875	0,025
280,8	0,88	0,02
280,905	0,88	0,02
281	0,875	0,025
281,1	0,875	0,02
281,2	0,875	0,025
281,3	0,875	0,02
281,4	0,88	0,02
281,5	0,87	0,02
281,6	0,875	0,025
281,7	0,875	0,025
281,8	0,875	0,02
281,9	0,87	0,02
282	0,875	0,02
282,099	0,875	0,025
282,201	0,87	0,02
282,302	0,875	0,02
282,4	0,87	0,02
282,5	0,87	0,025
282,6	0,87	0,02
282,7	0,87	0,02
282,8	0,87	0,02
282,9	0,87	0,02
283	0,87	0,025
283,115	0,87	0,025
283,201	0,87	0,02
283,3	0,87	0,025
283,4	0,87	0,02
283,5	0,87	0,02
283,6	0,87	0,02
283,7	0,87	0,025
283,8	0,87	0,025
283,9	0,87	0,02
284	0,865	0,02
284,1	0,87	0,02
284,2	0,865	0,02
284,3	0,86	0,025
284,4	0,865	0,02
284,5	0,86	0,02
284,601	0,865	0,025
284,699	0,865	0,025
284,8	0,865	0,02
284,932	0,865	0,025
285	0,865	0,025
285,1	0,86	0,025
285,2	0,865	0,02
285,3	0,86	0,02
285,401	0,865	0,02
285,5	0,86	0,02
285,6	0,86	0,025
285,7	0,86	0,025
285,811	0,86	0,025
285,9	0,86	0,025
286	0,86	0,025
286,12	0,86	0,02
286,201	0,86	0,02
286,3	0,86	0,025
286,401	0,86	0,02
286,5	0,86	0,025
286,601	0,855	0,025
286,703	0,86	0,025
286,8	0,855	0,02
286,9	0,86	0,025
287	0,86	0,02
287,101	0,855	0,02
287,201	0,855	0,025
287,312	0,855	0,025
287,401	0,855	0,025
287,5	0,855	0,025
287,601	0,855	0,02
287,701	0,85	0,025
287,801	0,86	0,025
287,9	0,855	0,02
288	0,855	0,025
288,101	0,855	0,025
288,2	0,855	0,025
288,3	0,85	0,02
288,401	0,85	0,03
288,501	0,855	0,025
288,601	0,85	0,025
288,7	0,85	0,025
288,801	0,855	0,025
288,913	0,85	0,025
289,001	0,855	0,025
289,118	0,855	0,02
289,226	0,85	0,02
289,301	0,85	0,025
289,401	0,85	0,025
289,5	0,85	0,02
289,601	0,85	0,03
289,7	0,85	0,025
289,8	0,85	0,025
289,9	0,845	0,03
290,001	0,85	0,025
290,101	0,845	0,025
290,2	0,845	0,025
290,3	0,845	0,025
290,4	0,845	0,025
290,5	0,845	0,03
290,6	0,85	0,025
290,7	0,845	0,03
290,8	0,845	0,03
290,9	0,845	0,025
291,005	0,845	0,03
291,101	0,845	0,03
291,2	0,845	0,02
291,361	0,845	0,025
291,436	0,845	0,025
291,5	0,84	0,025
291,601	0,84	0,025
291,7	0,845	0,025
291,8	0,845	0,03
291,9	0,845	0,025
292	0,84	0,025
292,1	0,845	0,025
292,2	0,835	0,025
292,318	0,84	0,025
292,4	0,84	0,03
292,5	0,84	0,02
292,6	0,84	0,03
292,764	0,835	0,025
292,8	0,84	0,03
292,9	0,84	0,025
293	0,835	0,03
293,1	0,84	0,025
293,212	0,835	0,025
293,311	0,835	0,025
293,415	0,835	0,03
293,5	0,835	0,03
293,6	0,835	0,025
293,7	0,835	0,025
293,8	0,835	0,025
293,908	0,835	0,025
294	0,84	0,025
294,1	0,835	0,03
294,2	0,83	0,025
294,3	0,83	0,03
294,406	0,83	0,03
294,5	0,83	0,025
294,601	0,83	0,025
294,701	0,835	0,025
294,8	0,835	0,03
294,9	0,83	0,03
295	0,835	0,025
295,1	0,83	0,03
295,2	0,83	0,025
295,3	0,83	0,03
295,4	0,83	0,025
295,53	0,825	0,03
295,62	0,83	0,025
295,7	0,83	0,025
295,8	0,83	0,025
295,9	0,83	0,03
296	0,83	0,03
296,115	0,825	0,03
296,2	0,83	0,025
296,3	0,83	0,03
296,4	0,825	0,025
296,511	0,825	0,03
296,601	0,825	0,025
296,7	0,83	0,03
296,825	0,825	0,03
296,912	0,83	0,03
297,002	0,82	0,03
297,1	0,825	0,03
297,202	0,83	0,03
297,3	0,82	0,03
297,4	0,825	0,03
297,501	0,825	0,03
297,6	0,825	0,025
297,7	0,825	0,03
297,8	0,825	0,03
297,9	0,82	0,025
298	0,825	0,03
298,1	0,825	0,03
298,2	0,82	0,025
298,3	0,82	0,03
298,4	0,82	0,03
298,501	0,82	0,03
298,6	0,82	0,03
298,7	0,825	0,03
298,8	0,82	0,025
298,93	0,825	0,025
299,08	0,82	0,025
299,122	0,82	0,025
299,2	0,82	0,03
299,3	0,82	0,03
299,4	0,815	0,03
299,5	0,815	0,03
299,6	0,82	0,03
299,7	0,82	0,03
299,8	0,82	0,03
299,9	0,82	0,03
300	0,82	0,03
300,107	0,815	0,03
300,2	0,815	0,03
300,3	0,815	0,03
300,4	0,815	0,03
300,5	0,815	0,03
300,6	0,815	0,03
300,7	0,815	0,03
300,8	0,815	0,03
300,9	0,815	0,025
301,002	0,81	0,03
301,1	0,815	0,03
301,2	0,815	0,025
301,3	0,815	0,03
301,4	0,815	0,03
301,5	0,81	0,03
301,601	0,81	0,03
301,7	0,81	0,03
301,824	0,81	0,03
301,9	0,81	0,03
302	0,805	0,03
302,1	0,81	0,025
302,226	0,81	0,03
302,309	0,81	0,03
302,4	0,81	0,03
302,5	0,81	0,03
302,613	0,81	0,03
302,7	0,81	0,025
302,801	0,81	0,03
302,912	0,81	0,03
303	0,81	0,03
303,1	0,81	0,03
303,2	0,81	0,035
303,3	0,805	0,03
303,4	0,805	0,03
303,5	0,81	0,03
303,6	0,81	0,03
303,725	0,81	0,03
303,8	0,8	0,03
303,901	0,81	0,03
304	0,805	0,03
304,1	0,8	0,03
304,2	0,81	0,035
304,3	0,8	0,025
304,4	0,805	0,03
304,5	0,8	0,03
304,608	0,805	0,03
304,7	0,805	0,03
304,801	0,805	0,03
304,901	0,8	0,03
305	0,8	0,03
305,101	0,8	0,03
305,2	0,8	0,03
305,301	0,8	0,03
305,401	0,8	0,03
305,501	0,8	0,03
305,601	0,8	0,03
305,7	0,8	0,03
305,801	0,8	0,03
305,901	0,8	0,03
306,001	0,8	0,03
306,101	0,795	0,03
306,201	0,795	0,03
306,301	0,8	0,03
306,401	0,795	0,03
306,506	0,795	0,03
306,603	0,795	0,03
306,7	0,795	0,03
306,801	0,8	0,03
306,901	0,795	0,025
307,001	0,795	0,03
307,101	0,795	0,03
307,201	0,795	0,03
307,301	0,795	0,025
307,401	0,8	0,03
307,501	0,795	0,03
307,601	0,8	0,03
307,701	0,795	0,03
307,827	0,795	0,03
307,901	0,795	0,03
308,001	0,795	0,03
308,101	0,79	0,03
308,201	0,79	0,03
308,301	0,795	0,03
308,401	0,795	0,035
308,5	0,79	0,03
308,601	0,795	0,035
308,701	0,79	0,03
308,8	0,79	0,035
308,901	0,79	0,03
309	0,79	0,035
309,101	0,79	0,035
309,201	0,79	0,035
309,301	0,79	0,035
309,4	0,79	0,035
309,5	0,79	0,03
309,6	0,79	0,03
309,701	0,79	0,03
309,801	0,785	0,03
309,901	0,79	0,035
310,015	0,785	0,03
310,113	0,79	0,03
310,201	0,79	0,03
310,301	0,785	0,03
310,401	0,785	0,035
310,546	0,79	0,035
310,6	0,785	0,035
310,701	0,79	0,03
310,801	0,785	0,03
310,902	0,79	0,03
311,001	0,785	0,03
311,101	0,785	0,03
311,207	0,785	0,03
311,301	0,785	0,03
311,401	0,78	0,03
311,501	0,785	0,03
311,601	0,78	0,035
311,701	0,785	0,03
311,801	0,785	0,03
311,901	0,78	0,03
312,001	0,78	0,035
312,101	0,78	0,035
312,201	0,78	0,03
312,3	0,78	0,03
312,4	0,78	0,03
312,5	0,78	0,03
312,6	0,78	0,03
312,7	0,78	0,03
312,8	0,78	0,03
312,9	0,78	0,03
313	0,78	0,03
313,101	0,78	0,03
313,2	0,78	0,03
313,3	0,775	0,03
313,4	0,78	0,03
313,5	0,775	0,035
313,647	0,775	0,03
313,7	0,78	0,035
313,8	0,78	0,035
313,9	0,775	0,035
313,999	0,775	0,035
314,1	0,775	0,035
314,2	0,78	0,03
314,3	0,775	0,03
314,414	0,775	0,03
314,5	0,775	0,035
314,6	0,775	0,035
314,7	0,775	0,03
314,8	0,775	0,03
314,9	0,775	0,035
315	0,775	0,035
315,1	0,775	0,03
315,2	0,775	0,035
315,3	0,77	0,03
315,4	0,77	0,03
315,5	0,775	0,03
315,6	0,775	0,035
315,7	0,77	0,035
315,8	0,77	0,035
315,9	0,77	0,035
316	0,77	0,035
316,1	0,77	0,035
316,2	0,775	0,03
316,3	0,77	0,035
316,4	0,77	0,03
316,5	0,775	0,035
316,6	0,77	0,035
316,7	0,77	0,035
316,8	0,77	0,035
316,9	0,77	0,03
317	0,77	0,03
317,1	0,77	0,035
317,201	0,765	0,03
317,3	0,765	0,035
317,4	0,77	0,03
317,5	0,77	0,035
317,627	0,77	0,035
317,7	0,765	0,03
317,839	0,765	0,035
317,9	0,765	0,035
318	0,77	0,035
318,107	0,76	0,035
318,2	0,765	0,035
318,3	0,765	0,035
318,4	0,765	0,035
318,508	0,765	0,035
318,617	0,765	0,035
318,7	0,76	0,035
318,8	0,76	0,035
318,9	0,765	0,03
319	0,76	0,03
319,1	0,765	0,03
319,2	0,765	0,035
319,3	0,765	0,035
319,4	0,765	0,035
319,5	0,755	0,035
319,6	0,76	0,035
319,7	0,76	0,03
319,8	0,76	0,035
319,9	0,755	0,035
320	0,76	0,035
320,1	0,76	0,03
320,2	0,765	0,035
320,3	0,755	0,03
320,4	0,76	0,03
320,5	0,76	0,035
320,602	0,765	0,03
320,7	0,76	0,035
320,82	0,76	0,03
320,901	0,76	0,035
321,001	0,76	0,035
321,1	0,76	0,035
321,222	0,755	0,035
321,3	0,755	0,035
321,401	0,76	0,03
321,5	0,755	0,035
321,6	0,76	0,035
321,701	0,75	0,035
321,8	0,755	0,035
321,9	0,755	0,035
322,001	0,755	0,035
322,101	0,755	0,03
322,2	0,755	0,035
322,301	0,755	0,035
322,4	0,755	0,03
322,521	0,755	0,04
322,601	0,75	0,035
322,7	0,755	0,035
322,801	0,755	0,035
322,9	0,755	0,035
323,001	0,755	0,035
323,1	0,76	0,035
323,201	0,75	0,035
323,301	0,75	0,035
323,401	0,75	0,035
323,501	0,75	0,035
323,601	0,75	0,035
323,701	0,75	0,035
323,801	0,755	0,035
323,901	0,75	0,035
324	0,75	0,035
324,1	0,75	0,035
324,201	0,75	0,035
324,301	0,75	0,035
324,4	0,75	0,035
324,501	0,75	0,03
324,631	0,75	0,04
324,7	0,745	0,035
324,8	0,75	0,035
324,9	0,75	0,035
325,001	0,75	0,035
325,1	0,745	0,035
325,2	0,75	0,035
325,301	0,75	0,035
325,401	0,75	0,035
325,5	0,74	0,035
325,6	0,745	0,035
325,7	0,755	0,035
325,8	0,745	0,035
325,9	0,745	0,035
326	0,74	0,035
326,101	0,745	0,035
326,2	0,75	0,035
326,3	0,74	0,035
326,4	0,745	0,035
326,501	0,74	0,035
326,701	0,74	0,04
326,762	0,74	0,03
326,856	0,74	0,04
326,937	0,745	0,035
327	0,74	0,03
327,1	0,74	0,035
327,215	0,745	0,035
327,301	0,74	0,035
327,401	0,74	0,04
327,501	0,74	0,04
327,601	0,745	0,035
327,7	0,745	0,035
327,8	0,74	0,035
327,9	0,74	0,035
328	0,74	0,035
328,1	0,74	0,035
328,2	0,74	0,035
328,301	0,74	0,035
328,4	0,74	0,035
328,5	0,74	0,04
328,601	0,74	0,035
328,7	0,74	0,035
328,8	0,74	0,035
328,9	0,73	0,04
329	0,74	0,035
329,1	0,74	0,035
329,2	0,74	0,035
329,322	0,735	0,035
329,4	0,735	0,035
329,5	0,74	0,035
329,6	0,735	0,035
329,7	0,735	0,035
329,8	0,735	0,035
329,901	0,735	0,035
330	0,735	0,035
330,1	0,735	0,04
330,2	0,73	0,035
330,3	0,735	0,035
330,4	0,735	0,04
330,5	0,735	0,035
330,6	0,73	0,035
330,7	0,735	0,035
330,8	0,735	0,035
330,9	0,73	0,035
331	0,735	0,035
331,1	0,735	0,035
331,2	0,735	0,035
331,301	0,73	0,035
331,4	0,73	0,035
331,5	0,73	0,04
331,622	0,73	0,035
331,7	0,73	0,04
331,8	0,73	0,035
331,9	0,73	0,04
332,001	0,73	0,035
332,128	0,73	0,035
332,214	0,73	0,04
332,3	0,73	0,035
332,4	0,73	0,035
332,507	0,73	0,035
332,6	0,73	0,035
332,7	0,73	0,035
332,8	0,73	0,035
332,9	0,73	0,035
333,001	0,725	0,035
333,1	0,735	0,035
333,2	0,725	0,035
333,3	0,73	0,035
333,4	0,725	0,04
333,5	0,73	0,035
333,6	0,73	0,035
333,7	0,725	0,035
333,8	0,725	0,035
333,9	0,73	0,04
334	0,725	0,035
334,1	0,73	0,04
334,2	0,73	0,035
334,3	0,725	0,035
334,4	0,72	0,035
334,5	0,725	0,035
334,6	0,725	0,035
334,7	0,725	0,04
334,8	0,725	0,035
334,9	0,725	0,04
335,044	0,72	0,04
335,106	0,725	0,035
335,2	0,725	0,04
335,3	0,72	0,04
335,4	0,72	0,04
335,5	0,72	0,035
335,6	0,725	0,035
335,7	0,72	0,04
335,808	0,72	0,035
335,918	0,72	0,035
336	0,72	0,04
336,1	0,72	0,035
336,2	0,72	0,035
336,3	0,72	0,035
336,4	0,72	0,04
336,5	0,715	0,04
336,601	0,71	0,035
336,7	0,72	0,04
336,8	0,72	0,04
336,9	0,715	0,035
337	0,715	0,04
337,1	0,72	0,035
337,225	0,72	0,04
337,3	0,715	0,035
337,401	0,715	0,035
337,5	0,72	0,035
337,6	0,715	0,04
337,7	0,715	0,035
337,8	0,71	0,035
337,901	0,72	0,04
338,001	0,715	0,035
338,101	0,715	0,04
338,202	0,715	0,035
338,301	0,715	0,035
338,404	0,715	0,04
338,501	0,715	0,035
338,601	0,71	0,035
338,701	0,71	0,035
338,801	0,71	0,035
338,901	0,71	0,035
339	0,71	0,04
339,13	0,71	0,035
339,201	0,71	0,035
339,301	0,71	0,04
339,401	0,71	0,035
339,501	0,715	0,04
339,601	0,71	0,04
339,701	0,71	0,04
339,8	0,71	0,04
339,901	0,71	0,04
340	0,71	0,04
340,101	0,71	0,035
340,201	0,71	0,035
340,301	0,71	0,04
340,401	0,71	0,04
340,501	0,71	0,04
340,613	0,705	0,04
340,7	0,71	0,035
340,8	0,71	0,035
340,901	0,71	0,035
341,001	0,71	0,04
341,118	0,705	0,035
341,222	0,71	0,035
341,301	0,705	0,04
341,4	0,705	0,04
341,501	0,705	0,04
341,601	0,705	0,035
341,701	0,71	0,035
341,839	0,705	0,04
341,901	0,71	0,035
342,001	0,71	0,035
342,101	0,705	0,04
342,201	0,7	0,035
342,301	0,705	0,035
342,401	0,705	0,035
342,501	0,705	0,04
342,601	0,71	0,035
342,701	0,705	0,04
342,801	0,7	0,04
342,901	0,7	0,035
343,035	0,705	0,04
343,101	0,705	0,04
343,201	0,705	0,035
343,3	0,705	0,04
343,422	0,7	0,035
343,53	0,705	0,04
343,72	0,7	0,035
343,829	0,7	0,04
343,849	0,7	0,04
343,901	0,7	0,04
344,001	0,7	0,035
344,101	0,7	0,035
344,201	0,7	0,035
344,301	0,7	0,04
344,401	0,7	0,04
344,5	0,7	0,04
344,601	0,7	0,04
344,701	0,7	0,04
344,801	0,7	0,04
344,901	0,695	0,04
345,001	0,695	0,035
345,134	0,705	0,04
345,201	0,7	0,035
345,301	0,7	0,04
345,431	0,7	0,04
345,5	0,7	0,035
345,601	0,695	0,04
345,701	0,7	0,04
345,801	0,695	0,035
345,9	0,7	0,035
346,001	0,695	0,04
346,101	0,695	0,035
346,201	0,695	0,04
346,301	0,69	0,04
346,4	0,695	0,04
346,501	0,695	0,035
346,601	0,695	0,04
346,7	0,695	0,035
346,801	0,69	0,04
346,901	0,695	0,035
347,001	0,69	0,035
347,1	0,69	0,04
347,2	0,695	0,035
347,301	0,69	0,04
347,4	0,695	0,04
347,5	0,69	0,04
347,6	0,69	0,035
347,7	0,695	0,035
347,8	0,695	0,04
347,9	0,695	0,04
348	0,69	0,04
348,1	0,69	0,04
348,2	0,695	0,04
348,3	0,69	0,04
348,4	0,69	0,04
348,5	0,69	0,035
348,652	0,69	0,04
348,7	0,69	0,04
348,8	0,695	0,035
348,9	0,69	0,04
349,003	0,69	0,04
349,103	0,685	0,04
349,2	0,69	0,04
349,3	0,69	0,035
349,4	0,69	0,04
349,5	0,685	0,04
349,6	0,69	0,04
349,699	0,685	0,04
349,8	0,69	0,04
349,9	0,69	0,04
350	0,685	0,04
350,1	0,685	0,04
350,2	0,69	0,04
350,3	0,685	0,04
350,4	0,685	0,035
350,5	0,695	0,04
350,6	0,685	0,04
350,7	0,685	0,04
350,8	0,685	0,035
350,9	0,685	0,04
351	0,685	0,04
351,1	0,685	0,04
351,2	0,68	0,04
351,3	0,685	0,04
351,4	0,69	0,04
351,5	0,685	0,04
351,6	0,68	0,04
351,7	0,685	0,04
351,8	0,685	0,04
351,9	0,685	0,04
351,999	0,68	0,035
352,1	0,68	0,04
352,2	0,68	0,035
352,3	0,68	0,04
352,4	0,68	0,04
352,5	0,68	0,04
352,6	0,68	0,04
352,701	0,685	0,04
352,8	0,68	0,04
352,9	0,68	0,04
353,014	0,68	0,04
353,1	0,685	0,045
353,2	0,68	0,035
353,3	0,68	0,04
353,41	0,68	0,04
353,5	0,68	0,04
353,6	0,68	0,04
353,7	0,68	0,04
353,8	0,68	0,04
353,9	0,68	0,035
354	0,68	0,04
354,116	0,68	0,04
354,2	0,675	0,035
354,322	0,675	0,035
354,4	0,68	0,035
354,5	0,67	0,04
354,6	0,675	0,04
354,7	0,675	0,04
354,8	0,68	0,035
354,9	0,675	0,04
355,026	0,675	0,035
355,1	0,675	0,035
355,2	0,67	0,04
355,299	0,675	0,035
355,4	0,675	0,04
355,5	0,675	0,04
355,6	0,675	0,04
355,7	0,675	0,035
355,828	0,67	0,04
355,913	0,67	0,04
356	0,675	0,035
356,1	0,67	0,04
356,2	0,675	0,04
356,3	0,675	0,035
356,4	0,67	0,04
356,5	0,675	0,035
356,6	0,675	0,04
356,701	0,675	0,04
356,801	0,67	0,04
356,901	0,67	0,04
357,001	0,67	0,04
357,101	0,675	0,04
357,2	0,67	0,04
357,301	0,675	0,04
357,4	0,675	0,04
357,501	0,67	0,035
357,601	0,67	0,04
357,701	0,665	0,035
357,801	0,67	0,04
357,902	0,67	0,04
358,001	0,665	0,04
358,101	0,67	0,04
358,201	0,67	0,04
358,301	0,67	0,04
358,454	0,665	0,04
358,501	0,665	0,04
358,601	0,665	0,04
358,732	0,67	0,04
358,808	0,665	0,04
358,901	0,67	0,04
359,001	0,665	0,04
359,101	0,67	0,04
359,2	0,665	0,04
359,3	0,67	0,04
359,41	0,67	0,04
359,5	0,67	0,04
359,6	0,665	0,045
359,701	0,665	0,04
359,8	0,665	0,04
359,9	0,665	0,04
360,004	0,665	0,04
360,1	0,665	0,04
360,2	0,665	0,04
360,301	0,66	0,04
360,4	0,665	0,04
360,501	0,665	0,04
360,6	0,665	0,04
360,7	0,665	0,04
360,8	0,66	0,035
360,9	0,665	0,04
361,001	0,665	0,04
361,1	0,665	0,04
361,2	0,66	0,04
361,3	0,66	0,035
361,401	0,66	0,04
361,5	0,66	0,04
361,601	0,66	0,04
361,71	0,66	0,04
361,8	0,66	0,04
361,9	0,66	0,035
362	0,66	0,04
362,1	0,665	0,04
362,201	0,66	0,04
362,3	0,66	0,035
362,4	0,66	0,04
362,5	0,66	0,04
362,617	0,66	0,04
362,703	0,66	0,04
362,801	0,66	0,04
362,915	0,66	0,04
363	0,66	0,04
363,1	0,66	0,04
363,2	0,66	0,04
363,3	0,665	0,04
363,404	0,655	0,04
363,501	0,655	0,04
363,6	0,66	0,045
363,7	0,655	0,04
363,8	0,655	0,04
363,9	0,65	0,04
364	0,66	0,04
364,1	0,66	0,04
364,2	0,655	0,04
364,3	0,655	0,04
364,417	0,66	0,04
364,5	0,65	0,04
364,6	0,655	0,04
364,7	0,67	0,045
364,839	0,655	0,04
364,9	0,655	0,04
365	0,66	0,04
365,1	0,65	0,035
365,2	0,655	0,04
365,3	0,655	0,04
365,4	0,655	0,04
365,5	0,655	0,04
365,6	0,655	0,04
365,71	0,655	0,04
365,8	0,655	0,035
365,901	0,655	0,04
366	0,65	0,04
366,1	0,655	0,04
366,2	0,655	0,04
366,3	0,65	0,04
366,401	0,655	0,04
366,5	0,655	0,035
366,6	0,65	0,04
366,701	0,655	0,04
366,8	0,65	0,04
366,9	0,655	0,04
367	0,65	0,04
367,1	0,655	0,04
367,2	0,65	0,04
367,3	0,65	0,035
367,4	0,655	0,04
367,5	0,645	0,04
367,601	0,65	0,04
367,7	0,65	0,04
367,8	0,65	0,04
367,9	0,65	0,04
368	0,65	0,04
368,1	0,65	0,04
368,2	0,65	0,04
368,3	0,65	0,04
368,407	0,65	0,04
368,5	0,65	0,04
368,6	0,65	0,04
368,7	0,645	0,04
368,801	0,645	0,04
368,9	0,645	0,04
369	0,65	0,04
369,1	0,645	0,04
369,2	0,645	0,045
369,3	0,645	0,04
369,4	0,645	0,04
369,5	0,64	0,045
369,601	0,645	0,035
369,7	0,645	0,04
369,8	0,645	0,04
369,9	0,645	0,04
370	0,64	0,04
370,1	0,645	0,04
370,2	0,645	0,04
370,3	0,65	0,04
370,4	0,645	0,04
370,5	0,64	0,045
370,6	0,645	0,04
370,7	0,645	0,04
370,801	0,64	0,04
370,9	0,645	0,04
371	0,645	0,04
371,112	0,64	0,04
371,213	0,64	0,04
371,3	0,64	0,04
371,4	0,64	0,04
371,5	0,64	0,04
371,601	0,64	0,04
371,7	0,64	0,04
371,845	0,645	0,045
371,904	0,64	0,04
372	0,64	0,04
372,1	0,64	0,04
372,2	0,64	0,04
372,3	0,64	0,04
372,4	0,64	0,04
372,501	0,64	0,04
372,6	0,64	0,04
372,7	0,64	0,04
372,8	0,64	0,04
372,901	0,64	0,045
373	0,64	0,04
373,1	0,635	0,04
373,2	0,635	0,04
373,301	0,64	0,04
373,4	0,64	0,04
373,501	0,645	0,04
373,6	0,64	0,045
373,7	0,645	0,04
373,8	0,635	0,04
373,901	0,64	0,04
374	0,64	0,045
374,101	0,635	0,04
374,2	0,635	0,04
374,301	0,635	0,04
374,409	0,64	0,04
374,501	0,64	0,04
374,601	0,635	0,04
374,701	0,635	0,04
374,801	0,635	0,04
374,901	0,635	0,04
375,001	0,64	0,04
375,101	0,63	0,04
375,201	0,635	0,045
375,301	0,64	0,04
375,401	0,635	0,045
375,509	0,635	0,04
375,613	0,63	0,04
375,7	0,635	0,04
375,831	0,635	0,035
375,9	0,635	0,04
376,001	0,63	0,04
376,101	0,635	0,04
376,2	0,63	0,04
376,301	0,635	0,04
376,401	0,63	0,04
376,501	0,63	0,04
376,601	0,63	0,04
376,704	0,63	0,04
376,801	0,63	0,04
376,901	0,635	0,04
377,001	0,625	0,04
377,101	0,63	0,035
377,201	0,625	0,04
377,301	0,63	0,04
377,401	0,635	0,04
377,501	0,63	0,04
377,601	0,63	0,04
377,701	0,63	0,04
377,801	0,625	0,04
377,901	0,63	0,04
378,001	0,63	0,04
378,115	0,63	0,04
378,201	0,625	0,04
378,3	0,63	0,04
378,401	0,625	0,04
378,501	0,63	0,045
378,601	0,625	0,04
378,715	0,625	0,04
378,801	0,625	0,04
378,901	0,63	0,04
379	0,63	0,04
379,101	0,625	0,04
379,209	0,625	0,04
379,3	0,625	0,04
379,4	0,625	0,04
379,501	0,625	0,04
379,601	0,62	0,04
379,701	0,63	0,04
379,801	0,625	0,04
379,901	0,62	0,04
380,024	0,625	0,04
380,121	0,625	0,04
380,201	0,625	0,04
380,314	0,625	0,04
380,411	0,625	0,04
380,5	0,63	0,04
380,601	0,625	0,04
380,701	0,625	0,04
380,801	0,625	0,04
380,921	0,62	0,04
381,001	0,625	0,04
381,101	0,625	0,04
381,201	0,625	0,04
381,3	0,625	0,04
381,4	0,62	0,04
381,5	0,625	0,04
381,601	0,625	0,04
381,7	0,625	0,04
381,8	0,625	0,04
381,9	0,62	0,04
382,001	0,625	0,045
382,101	0,62	0,04
382,201	0,63	0,04
382,3	0,625	0,04
382,401	0,62	0,04
382,5	0,62	0,04
382,6	0,62	0,04
382,7	0,625	0,04
382,801	0,62	0,04
382,9	0,62	0,04
383,014	0,62	0,04
383,1	0,62	0,04
383,2	0,62	0,04
383,3	0,615	0,04
383,4	0,62	0,04
383,5	0,615	0,04
383,6	0,62	0,04
383,7	0,62	0,04
383,8	0,615	0,04
383,9	0,62	0,04
384	0,62	0,04
384,1	0,615	0,04
384,2	0,62	0,04
384,299	0,62	0,04
384,4	0,62	0,04
384,5	0,62	0,04
384,6	0,615	0,04
384,7	0,615	0,04
384,8	0,61	0,04
384,9	0,62	0,04
385	0,615	0,04
385,1	0,615	0,04
385,2	0,61	0,045
385,299	0,615	0,04
385,4	0,615	0,045
385,5	0,62	0,04
385,6	0,615	0,04
385,7	0,615	0,04
385,8	0,615	0,04
385,9	0,615	0,04
386	0,61	0,04
386,1	0,615	0,04
386,2	0,615	0,04
386,309	0,615	0,04
386,4	0,615	0,04
386,501	0,615	0,04
386,6	0,615	0,04
386,7	0,61	0,04
386,8	0,61	0,045
386,9	0,61	0,04
387	0,615	0,04
387,1	0,615	0,04
387,2	0,61	0,04
387,3	0,61	0,04
387,4	0,61	0,04
387,5	0,61	0,04
387,6	0,62	0,04
387,7	0,61	0,045
387,8	0,61	0,045
387,9	0,61	0,04
388	0,61	0,04
388,1	0,61	0,04
388,2	0,605	0,04
388,3	0,61	0,04
388,4	0,61	0,04
388,5	0,61	0,045
388,599	0,61	0,04
388,7	0,61	0,035
388,8	0,61	0,04
388,9	0,605	0,04
389	0,61	0,04
389,1	0,61	0,04
389,2	0,61	0,04
389,3	0,61	0,04
389,4	0,61	0,04
389,515	0,61	0,04
389,606	0,605	0,045
389,732	0,61	0,04
389,8	0,61	0,04
389,9	0,605	0,045
390,016	0,6	0,04
390,158	0,61	0,04
390,253	0,605	0,04
390,352	0,605	0,04
390,447	0,605	0,04
390,501	0,605	0,04
390,601	0,61	0,04
390,701	0,605	0,04
390,8	0,605	0,04
390,9	0,605	0,045
391,001	0,605	0,04
391,101	0,605	0,04
391,201	0,605	0,04
391,3	0,605	0,04
391,401	0,605	0,04
391,501	0,605	0,04
391,6	0,605	0,045
391,701	0,6	0,04
391,8	0,61	0,04
391,901	0,6	0,04
392,001	0,605	0,04
392,101	0,605	0,04
392,201	0,605	0,04
392,301	0,605	0,04
392,407	0,605	0,04
392,501	0,605	0,045
392,601	0,605	0,045
392,701	0,6	0,045
392,801	0,6	0,04
392,901	0,6	0,04
393,001	0,6	0,04
393,1	0,6	0,045
393,2	0,6	0,04
393,301	0,605	0,045
393,4	0,6	0,04
393,508	0,6	0,04
393,6	0,6	0,04
393,7	0,6	0,04
393,801	0,605	0,04
393,901	0,6	0,04
394,001	0,6	0,04
394,1	0,6	0,04
394,2	0,6	0,04
394,3	0,6	0,04
394,4	0,6	0,04
394,506	0,6	0,04
394,6	0,595	0,04
394,701	0,6	0,04
394,8	0,6	0,04
394,9	0,6	0,04
395	0,6	0,04
395,1	0,595	0,04
395,2	0,595	0,04
395,3	0,6	0,04
395,4	0,595	0,04
395,5	0,595	0,04
395,6	0,6	0,04
395,7	0,6	0,04
395,823	0,6	0,04
395,9	0,595	0,04
396	0,6	0,045
396,1	0,6	0,04
396,2	0,59	0,04
396,3	0,59	0,04
396,415	0,595	0,04
396,52	0,595	0,045
396,601	0,595	0,045
396,7	0,595	0,04
396,8	0,595	0,04
396,901	0,595	0,045
397	0,595	0,04
397,1	0,595	0,04
397,2	0,595	0,04
397,3	0,595	0,045
397,4	0,595	0,045
397,5	0,595	0,04
397,6	0,59	0,04
397,7	0,595	0,045
397,8	0,595	0,04
397,9	0,595	0,04
398	0,59	0,04
398,1	0,595	0,04
398,206	0,59	0,04
398,3	0,59	0,045
398,4	0,59	0,045
398,518	0,59	0,04
398,6	0,59	0,04
398,7	0,59	0,045
398,801	0,59	0,04
398,9	0,59	0,04
399	0,595	0,04
399,1	0,59	0,04
399,205	0,59	0,045
399,3	0,585	0,04
399,42	0,59	0,04
399,5	0,59	0,04
399,6	0,59	0,04
399,7	0,59	0,045
399,8	0,59	0,045
399,9	0,59	0,04
400,001	0,585	0,04
400,099	0,59	0,04
400,2	0,59	0,04
400,3	0,59	0,04
400,4	0,585	0,04
400,5	0,59	0,045
400,63	0,585	0,04
400,7	0,59	0,04
400,8	0,59	0,04
400,9	0,59	0,04
401	0,59	0,04
401,1	0,59	0,04
401,2	0,59	0,04
401,3	0,585	0,04
401,4	0,585	0,045
401,501	0,59	0,04
401,6	0,585	0,04
401,7	0,585	0,04
401,8	0,59	0,04
401,9	0,585	0,04
402	0,595	0,04
402,1	0,585	0,04
402,201	0,59	0,04
402,3	0,585	0,04
402,4	0,585	0,04
402,5	0,585	0,04
402,6	0,59	0,045
402,701	0,585	0,04
402,8	0,585	0,04
402,9	0,585	0,04
403	0,58	0,04
403,1	0,585	0,04
403,2	0,585	0,04
403,3	0,585	0,04
403,4	0,585	0,045
403,5	0,585	0,045
403,601	0,585	0,045
403,7	0,585	0,04
403,838	0,58	0,04
404,008	0,585	0,04
404,021	0,58	0,04
404,114	0,58	0,045
404,2	0,58	0,04
404,3	0,58	0,04
404,4	0,585	0,04
404,5	0,58	0,04
404,6	0,585	0,04
404,701	0,585	0,045
404,8	0,58	0,04
404,9	0,58	0,04
405	0,585	0,04
405,1	0,58	0,045
405,2	0,575	0,04
405,3	0,585	0,04
405,4	0,58	0,04
405,528	0,58	0,04
405,6	0,58	0,04
405,7	0,58	0,04
405,8	0,58	0,04
405,901	0,58	0,04
406	0,58	0,04
406,1	0,58	0,04
406,2	0,58	0,045
406,3	0,58	0,04
406,4	0,58	0,04
406,5	0,575	0,04
406,601	0,58	0,04
406,7	0,58	0,04
406,8	0,58	0,045
406,899	0,58	0,04
407	0,575	0,045
407,1	0,58	0,045
407,201	0,575	0,045
407,301	0,575	0,04
407,4	0,58	0,045
407,507	0,58	0,045
407,6	0,58	0,04
407,7	0,575	0,04
407,8	0,575	0,04
407,914	0,575	0,04
408	0,575	0,04
408,1	0,575	0,045
408,201	0,58	0,045
408,3	0,575	0,045
408,4	0,58	0,04
408,5	0,575	0,04
408,606	0,575	0,045
408,701	0,58	0,04
408,825	0,575	0,04
408,9	0,58	0,045
409,008	0,57	0,04
409,1	0,58	0,04
409,201	0,57	0,045
409,3	0,575	0,04
409,4	0,575	0,04
409,501	0,575	0,045
409,601	0,575	0,04
409,701	0,575	0,045
409,801	0,575	0,04
409,924	0,575	0,04
410,001	0,57	0,045
410,101	0,575	0,04
410,201	0,57	0,04
410,301	0,57	0,04
410,401	0,57	0,04
410,513	0,575	0,045
410,6	0,575	0,045
410,707	0,57	0,045
410,801	0,57	0,04
410,9	0,575	0,04
411,001	0,575	0,04
411,1	0,57	0,04
411,201	0,575	0,045
411,3	0,57	0,04
411,401	0,57	0,04
411,524	0,57	0,04
411,601	0,57	0,04
411,701	0,57	0,04
411,801	0,57	0,04
411,901	0,57	0,04
412	0,57	0,045
412,101	0,57	0,04
412,201	0,57	0,045
412,314	0,57	0,04
412,401	0,57	0,04
412,5	0,57	0,04
412,601	0,565	0,04
412,71	0,57	0,04
412,81	0,565	0,045
412,9	0,57	0,04
413,001	0,57	0,04
413,101	0,57	0,04
413,201	0,57	0,045
413,301	0,565	0,04
413,401	0,57	0,04
413,501	0,57	0,045
413,632	0,57	0,04
413,701	0,565	0,04
413,801	0,57	0,04
413,901	0,565	0,04
414,001	0,57	0,04
414,101	0,57	0,045
414,201	0,565	0,035
414,301	0,565	0,045
414,4	0,565	0,04
414,501	0,565	0,04
414,601	0,57	0,04
414,7	0,565	0,04
414,8	0,565	0,045
414,9	0,565	0,045
415,001	0,565	0,04
415,101	0,565	0,04
415,201	0,565	0,045
415,301	0,565	0,04
415,401	0,56	0,04
415,501	0,565	0,045
415,601	0,565	0,04
415,701	0,56	0,04
415,801	0,565	0,04
415,901	0,565	0,04
416	0,565	0,04
416,101	0,56	0,04
416,201	0,565	0,04
416,3	0,565	0,04
416,4	0,565	0,04
416,501	0,56	0,045
416,601	0,56	0,04
416,718	0,56	0,045
416,801	0,565	0,04
416,901	0,56	0,04
417	0,56	0,04
417,101	0,565	0,045
417,2	0,56	0,04
417,301	0,56	0,04
417,4	0,56	0,04
417,5	0,56	0,04
417,6	0,565	0,04
417,701	0,56	0,04
417,8	0,56	0,045
417,9	0,565	0,045
418	0,56	0,045
418,1	0,56	0,04
418,2	0,56	0,04
418,3	0,56	0,04
418,4	0,56	0,04
418,509	0,56	0,04
418,6	0,56	0,04
418,7	0,56	0,045
418,8	0,565	0,04
418,9	0,56	0,04
419	0,56	0,04
419,1	0,56	0,045
419,2	0,56	0,04
419,3	0,555	0,045
419,4	0,56	0,04
419,5	0,56	0,04
419,635	0,555	0,04
419,7	0,56	0,04
419,8	0,555	0,04
419,9	0,555	0,04
420	0,56	0,04
420,1	0,555	0,04
420,2	0,56	0,04
420,3	0,56	0,04
420,4	0,56	0,045
420,5	0,56	0,04
420,6	0,56	0,045
420,7	0,555	0,04
420,8	0,555	0,04
420,9	0,555	0,045
421	0,555	0,04
421,142	0,555	0,04
421,21	0,555	0,04
421,3	0,555	0,04
421,4	0,56	0,04
421,5	0,555	0,04
421,6	0,555	0,04
421,712	0,555	0,04
421,8	0,555	0,045
421,9	0,55	0,04
422,049	0,555	0,04
422,1	0,555	0,04
422,2	0,55	0,04
422,3	0,555	0,045
422,4	0,555	0,045
422,5	0,555	0,04
422,601	0,555	0,04
422,7	0,55	0,04
422,812	0,55	0,045
422,9	0,555	0,04
423	0,555	0,04
423,1	0,55	0,045
423,2	0,55	0,04
423,3	0,55	0,045
423,4	0,555	0,04
423,5	0,55	0,04
423,6	0,55	0,04
423,7	0,555	0,04
423,8	0,55	0,045
423,9	0,55	0,04
424	0,55	0,045
424,1	0,55	0,045
424,2	0,55	0,04
424,3	0,55	0,04
424,4	0,555	0,04
424,5	0,55	0,045
424,601	0,55	0,04
424,7	0,55	0,04
424,801	0,55	0,04
424,9	0,55	0,04
425	0,55	0,04
425,101	0,55	0,045
425,2	0,545	0,04
425,3	0,55	0,045
425,4	0,55	0,04
425,501	0,55	0,045
425,6	0,545	0,045
425,7	0,55	0,045
425,8	0,545	0,04
425,9	0,545	0,045
426	0,545	0,04
426,146	0,55	0,045
426,239	0,55	0,04
426,301	0,55	0,04
426,401	0,55	0,045
426,501	0,545	0,045
426,601	0,545	0,045
426,7	0,545	0,045
426,8	0,55	0,04
426,901	0,545	0,04
427,001	0,545	0,045
427,101	0,545	0,045
427,209	0,545	0,04
427,301	0,55	0,04
427,4	0,545	0,04
427,536	0,545	0,04
427,6	0,545	0,04
427,72	0,545	0,045
427,801	0,545	0,04
427,901	0,545	0,04
428	0,545	0,045
428,13	0,545	0,04
428,203	0,545	0,045
428,3	0,545	0,04
428,401	0,545	0,045
428,5	0,545	0,045
428,6	0,54	0,04
428,7	0,545	0,04
428,801	0,545	0,045
428,9	0,545	0,04
429	0,545	0,04
429,1	0,545	0,04
429,2	0,54	0,04
429,301	0,545	0,04
429,4	0,545	0,04
429,501	0,545	0,045
429,601	0,545	0,045
429,7	0,545	0,04
429,844	0,545	0,04
429,9	0,55	0,045
430	0,54	0,045
430,101	0,545	0,04
430,2	0,545	0,045
430,3	0,545	0,04
430,401	0,54	0,04
430,5	0,54	0,045
430,6	0,54	0,04
430,7	0,54	0,04
430,8	0,545	0,045
430,901	0,54	0,04
431	0,54	0,04
431,1	0,54	0,045
431,238	0,54	0,04
431,3	0,54	0,045
431,4	0,54	0,04
431,5	0,535	0,04
431,6	0,54	0,04
431,7	0,54	0,04
431,8	0,54	0,045
431,9	0,54	0,045
432	0,54	0,04
432,1	0,54	0,04
432,2	0,54	0,04
432,33	0,54	0,045
432,4	0,54	0,045
432,5	0,54	0,04
432,602	0,54	0,045
432,7	0,54	0,04
432,801	0,54	0,045
432,901	0,535	0,04
433	0,54	0,045
433,101	0,54	0,04
433,2	0,535	0,04
433,3	0,54	0,045
433,4	0,54	0,04
433,5	0,54	0,04
433,6	0,535	0,04
433,7	0,54	0,04
433,8	0,54	0,04
433,902	0,535	0,045
434	0,535	0,04
434,1	0,54	0,045
434,21	0,535	0,04
434,3	0,54	0,04
434,4	0,535	0,04
434,5	0,535	0,04
434,6	0,535	0,045
434,7	0,535	0,045
434,8	0,535	0,04
434,9	0,53	0,04
435	0,53	0,04
435,1	0,535	0,04
435,202	0,535	0,04
435,3	0,53	0,04
435,4	0,535	0,04
435,502	0,535	0,04
435,6	0,53	0,04
435,719	0,535	0,04
435,8	0,535	0,045
435,9	0,535	0,045
436,012	0,53	0,045
436,1	0,535	0,04
436,2	0,53	0,04
436,3	0,535	0,04
436,4	0,535	0,04
436,5	0,53	0,04
436,6	0,535	0,04
436,7	0,535	0,045
436,8	0,53	0,04
436,9	0,535	0,04
437,002	0,53	0,04
437,1	0,53	0,045
437,239	0,535	0,04
437,3	0,535	0,04
437,4	0,53	0,04
437,501	0,535	0,04
437,6	0,53	0,04
437,7	0,53	0,04
437,8	0,535	0,045
437,9	0,53	0,045
438	0,53	0,04
438,149	0,53	0,04
438,222	0,53	0,04
438,3	0,53	0,04
438,4	0,535	0,045
438,5	0,53	0,045
438,6	0,53	0,04
438,7	0,53	0,04
438,8	0,53	0,04
438,9	0,53	0,04
439	0,53	0,04
439,1	0,53	0,045
439,2	0,53	0,04
439,3	0,53	0,045
439,432	0,53	0,04
439,5	0,53	0,04
439,6	0,53	0,04
439,702	0,53	0,04
439,8	0,53	0,04
439,9	0,53	0,045
440	0,525	0,04
440,102	0,53	0,04
440,2	0,53	0,04
440,3	0,525	0,04
440,402	0,53	0,045
440,5	0,525	0,04
440,601	0,525	0,04
440,7	0,53	0,04
440,801	0,53	0,04
440,923	0,53	0,045
440,999	0,525	0,04
441,1	0,53	0,04
441,201	0,525	0,045
441,301	0,53	0,045
441,4	0,525	0,04
441,5	0,525	0,04
441,6	0,525	0,04
441,7	0,525	0,04
441,801	0,525	0,04
441,9	0,525	0,04
442	0,525	0,04
442,101	0,53	0,04
442,2	0,525	0,04
442,3	0,525	0,04
442,4	0,525	0,045
442,548	0,525	0,04
442,628	0,525	0,04
442,702	0,525	0,045
442,801	0,525	0,04
442,9	0,525	0,04
443,001	0,52	0,04
443,1	0,525	0,045
443,201	0,525	0,04
443,301	0,52	0,04
443,401	0,525	0,04
443,5	0,525	0,04
443,604	0,525	0,045
443,701	0,53	0,04
443,801	0,525	0,04
443,923	0,525	0,045
444	0,525	0,04
444,101	0,525	0,04
444,201	0,52	0,04
444,301	0,52	0,04
444,401	0,525	0,04
444,501	0,52	0,04
444,601	0,525	0,04
444,701	0,52	0,04
444,801	0,525	0,04
444,901	0,525	0,04
445,001	0,525	0,045
445,101	0,52	0,04
445,231	0,52	0,045
445,301	0,52	0,045
445,401	0,52	0,04
445,501	0,525	0,045
445,601	0,52	0,045
445,701	0,52	0,04
445,801	0,52	0,045
445,901	0,52	0,04
446,001	0,52	0,04
446,101	0,52	0,04
446,216	0,515	0,04
446,301	0,515	0,035
446,401	0,52	0,045
446,501	0,515	0,045
446,603	0,52	0,045
446,701	0,52	0,04
446,801	0,52	0,045
446,901	0,52	0,045
447,001	0,52	0,045
447,116	0,52	0,04
447,204	0,525	0,045
447,301	0,52	0,04
447,401	0,52	0,045
447,501	0,52	0,045
447,601	0,515	0,045
447,701	0,515	0,04
447,86	0,52	0,04
447,9	0,515	0,04
448,001	0,515	0,04
448,1	0,52	0,04
448,201	0,52	0,04
448,301	0,515	0,04
448,401	0,515	0,04
448,501	0,52	0,045
448,6	0,515	0,04
448,736	0,515	0,04
448,801	0,52	0,04
448,901	0,515	0,04
449,001	0,51	0,045
449,101	0,515	0,045
449,201	0,515	0,045
449,301	0,515	0,04
449,401	0,515	0,04
449,501	0,515	0,04
449,601	0,515	0,045
449,755	0,515	0,045
449,828	0,515	0,045
449,901	0,515	0,04
450,001	0,515	0,04
450,101	0,515	0,04
450,201	0,51	0,045
450,321	0,51	0,045
450,481	0,515	0,04
450,506	0,515	0,04
450,6	0,515	0,04
450,701	0,51	0,04
450,801	0,515	0,04
450,901	0,51	0,04
451,001	0,515	0,04
451,101	0,515	0,04
451,2	0,515	0,04
451,3	0,51	0,045
451,401	0,515	0,045
451,501	0,51	0,04
451,6	0,51	0,04
451,701	0,51	0,04
451,807	0,51	0,04
451,901	0,51	0,04
452,001	0,515	0,04
452,101	0,51	0,04
452,201	0,51	0,04
452,3	0,51	0,04
452,401	0,515	0,04
452,5	0,51	0,04
452,601	0,51	0,045
452,779	0,51	0,04
452,8	0,51	0,04
452,9	0,51	0,045
453	0,51	0,04
453,101	0,51	0,04
453,2	0,51	0,045
453,326	0,515	0,045
453,4	0,51	0,04
453,5	0,51	0,045
453,6	0,51	0,04
453,701	0,51	0,04
453,8	0,51	0,04
453,9	0,51	0,04
454	0,51	0,04
454,1	0,51	0,045
454,2	0,51	0,045
454,3	0,51	0,04
454,4	0,51	0,04
454,519	0,51	0,04
454,6	0,51	0,04
454,7	0,51	0,045
454,801	0,51	0,04
454,9	0,505	0,04
455,001	0,51	0,04
455,1	0,505	0,045
455,201	0,51	0,04
455,3	0,505	0,04
455,4	0,51	0,04
455,5	0,505	0,04
455,6	0,505	0,045
455,7	0,51	0,04
455,8	0,505	0,04
455,9	0,51	0,04
456	0,505	0,04
456,1	0,51	0,045
456,2	0,51	0,045
456,3	0,51	0,045
456,4	0,51	0,04
456,5	0,505	0,04
456,6	0,505	0,04
456,7	0,505	0,04
456,8	0,505	0,04
456,9	0,505	0,04
457	0,505	0,04
457,099	0,505	0,04
457,2	0,5	0,04
457,3	0,51	0,04
457,4	0,505	0,04
457,5	0,5	0,04
457,6	0,505	0,04
457,7	0,505	0,04
457,8	0,505	0,045
457,9	0,505	0,045
458	0,505	0,045
458,1	0,5	0,04
458,247	0,505	0,04
458,354	0,505	0,04
458,426	0,505	0,04
458,5	0,505	0,045
458,6	0,5	0,04
458,7	0,505	0,04
458,8	0,5	0,045
458,9	0,5	0,04
459	0,505	0,04
459,1	0,505	0,045
459,2	0,5	0,04
459,346	0,505	0,04
459,445	0,505	0,04
459,5	0,495	0,04
459,6	0,505	0,04
459,7	0,5	0,045
459,8	0,5	0,045
459,901	0,51	0,04
460	0,5	0,045
460,1	0,5	0,045
460,201	0,5	0,04
460,3	0,5	0,04
460,401	0,505	0,04
460,5	0,5	0,04
460,6	0,505	0,045
460,725	0,505	0,04
460,801	0,5	0,04
460,901	0,5	0,04
461	0,5	0,04
461,1	0,5	0,04
461,201	0,5	0,04
461,3	0,5	0,045
461,424	0,5	0,04
461,501	0,505	0,04
461,601	0,5	0,04
461,701	0,5	0,04
461,801	0,5	0,04
461,901	0,5	0,04
462	0,5	0,04
462,101	0,5	0,04
462,201	0,5	0,04
462,3	0,5	0,04
462,401	0,5	0,04
462,519	0,495	0,045
462,601	0,495	0,04
462,7	0,5	0,04
462,801	0,5	0,045
462,9	0,5	0,04
463	0,5	0,045
463,109	0,495	0,04
463,201	0,5	0,04
463,319	0,5	0,045
463,434	0,5	0,04
463,5	0,5	0,04
463,6	0,5	0,04
463,7	0,5	0,04
463,8	0,495	0,045
463,9	0,495	0,04
464	0,5	0,04
464,1	0,495	0,04
464,2	0,5	0,045
464,3	0,505	0,04
464,401	0,495	0,045
464,527	0,495	0,045
464,6	0,49	0,04
464,7	0,495	0,045
464,8	0,495	0,04
464,9	0,5	0,045
465	0,5	0,04
465,1	0,495	0,04
465,2	0,495	0,04
465,3	0,5	0,045
465,406	0,495	0,04
465,5	0,495	0,045
465,601	0,495	0,045
465,7	0,5	0,045
465,8	0,495	0,04
465,9	0,495	0,04
466	0,495	0,045
466,157	0,49	0,04
466,2	0,49	0,035
466,3	0,5	0,045
466,401	0,49	0,04
466,5	0,495	0,04
466,601	0,495	0,04
466,7	0,495	0,045
466,8	0,49	0,04
466,919	0,49	0,04
467	0,495	0,04
467,1	0,495	0,04
467,2	0,495	0,04
467,3	0,495	0,04
467,4	0,495	0,045
467,545	0,495	0,04
467,6	0,495	0,045
467,7	0,49	0,04
467,8	0,495	0,04
467,902	0,49	0,045
468	0,49	0,04
468,1	0,49	0,04
468,2	0,495	0,04
468,3	0,495	0,045
468,439	0,49	0,04
468,5	0,49	0,04
468,6	0,49	0,04
468,7	0,49	0,045
468,8	0,49	0,04
468,9	0,49	0,04
469	0,495	0,04
469,1	0,49	0,045
469,2	0,49	0,04
469,3	0,495	0,045
469,4	0,485	0,045
469,5	0,49	0,045
469,6	0,49	0,04
469,7	0,49	0,04
469,8	0,49	0,04
469,9	0,49	0,04
470	0,49	0,045
470,1	0,49	0,045
470,2	0,49	0,045
470,3	0,49	0,04
470,444	0,49	0,04
470,501	0,495	0,04
470,6	0,495	0,04
470,7	0,49	0,045
470,8	0,49	0,04
470,9	0,49	0,04
471,02	0,49	0,04
471,1	0,49	0,04
471,217	0,49	0,04
471,301	0,49	0,04
471,4	0,485	0,04
471,5	0,49	0,045
471,6	0,49	0,045
471,7	0,49	0,04
471,807	0,49	0,045
471,915	0,49	0,04
472	0,49	0,04
472,123	0,49	0,04
472,2	0,49	0,04
472,3	0,485	0,04
472,4	0,485	0,04
472,5	0,49	0,045
472,6	0,485	0,045
472,7	0,485	0,045
472,8	0,49	0,04
472,9	0,485	0,04
473	0,485	0,04
473,1	0,49	0,04
473,2	0,49	0,04
473,3	0,485	0,04
473,4	0,485	0,04
473,5	0,485	0,04
473,6	0,49	0,04
473,7	0,485	0,04
473,801	0,485	0,04
473,9	0,485	0,04
474	0,485	0,04
474,101	0,485	0,04
474,2	0,485	0,04
474,301	0,485	0,045
474,485	0,485	0,045
474,51	0,49	0,04
474,6	0,49	0,04
474,7	0,485	0,045
474,837	0,485	0,04
474,901	0,49	0,04
475	0,48	0,045
475,101	0,485	0,04
475,201	0,48	0,045
475,3	0,485	0,04
475,4	0,485	0,04
475,5	0,485	0,045
475,6	0,485	0,04
475,7	0,485	0,045
475,8	0,485	0,045
475,9	0,485	0,04
476	0,485	0,04
476,1	0,485	0,04
476,2	0,485	0,04
476,3	0,48	0,04
476,4	0,49	0,04
476,5	0,485	0,04
476,602	0,48	0,04
476,7	0,48	0,045
476,803	0,48	0,045
476,9	0,48	0,04
477,001	0,485	0,04
477,1	0,48	0,04
477,2	0,485	0,04
477,3	0,48	0,04
477,4	0,485	0,04
477,5	0,48	0,04
477,6	0,48	0,04
477,701	0,485	0,04
477,8	0,475	0,04
477,9	0,48	0,04
478,001	0,48	0,04
478,101	0,485	0,04
478,201	0,48	0,04
478,3	0,48	0,04
478,401	0,48	0,04
478,523	0,485	0,04
478,6	0,48	0,045
478,701	0,48	0,04
478,801	0,48	0,04
478,9	0,48	0,04
479	0,48	0,04
479,101	0,49	0,04
479,2	0,475	0,04
479,301	0,48	0,045
479,401	0,48	0,04
479,501	0,48	0,04
479,613	0,485	0,045
479,701	0,48	0,045
479,801	0,48	0,04
479,901	0,48	0,04
480,001	0,475	0,04
480,101	0,48	0,04
480,201	0,48	0,04
480,301	0,485	0,04
480,401	0,48	0,04
480,501	0,48	0,04
480,601	0,475	0,04
480,701	0,48	0,04
480,801	0,48	0,04
480,901	0,48	0,04
481,001	0,48	0,04
481,101	0,475	0,04
481,201	0,48	0,04
481,301	0,475	0,045
481,401	0,475	0,04
481,501	0,48	0,04
481,601	0,475	0,04
481,7	0,48	0,04
481,801	0,475	0,04
481,901	0,48	0,04
482,001	0,475	0,045
482,101	0,475	0,045
482,207	0,48	0,045
482,301	0,475	0,04
482,419	0,475	0,045
482,501	0,475	0,04
482,601	0,48	0,04
482,701	0,475	0,04
482,801	0,475	0,045
482,901	0,475	0,04
483	0,48	0,04
483,101	0,475	0,045
483,201	0,475	0,045
483,301	0,475	0,04
483,434	0,475	0,045
483,529	0,475	0,04
483,601	0,48	0,045
483,701	0,47	0,04
483,8	0,475	0,045
483,901	0,475	0,04
484	0,475	0,04
484,101	0,48	0,045
484,201	0,475	0,04
484,301	0,475	0,04
484,401	0,475	0,04
484,501	0,475	0,04
484,6	0,475	0,04
484,701	0,475	0,04
484,837	0,475	0,04
484,901	0,47	0,04
485,001	0,48	0,04
485,101	0,475	0,04
485,201	0,465	0,04
485,301	0,475	0,04
485,401	0,475	0,04
485,501	0,47	0,045
485,754	0,47	0,04
485,849	0,47	0,04
485,862	0,475	0,04
485,901	0,47	0,04
486	0,475	0,04
486,101	0,47	0,04
486,201	0,475	0,04
486,301	0,47	0,045
486,401	0,47	0,04
486,506	0,47	0,04
486,6	0,47	0,04
486,7	0,475	0,04
486,8	0,47	0,045
486,9	0,47	0,04
487	0,47	0,04
487,101	0,47	0,04
487,2	0,47	0,04
487,3	0,47	0,04
487,4	0,47	0,04
487,5	0,47	0,04
487,6	0,47	0,04
487,7	0,47	0,04
487,8	0,47	0,04
487,9	0,475	0,04
488	0,47	0,045
488,1	0,47	0,04
488,2	0,47	0,04
488,3	0,47	0,04
488,4	0,47	0,045
488,5	0,47	0,04
488,6	0,47	0,04
488,7	0,47	0,04
488,8	0,47	0,04
488,9	0,475	0,04
489	0,47	0,04
489,1	0,47	0,04
489,2	0,47	0,04
489,3	0,47	0,045
489,635	0,47	0,04
489,65	0,47	0,04
489,661	0,47	0,04
489,7	0,47	0,04
489,8	0,47	0,04
489,9	0,47	0,04
490	0,47	0,04
490,1	0,47	0,045
490,202	0,465	0,04
490,3	0,47	0,04
490,4	0,47	0,04
490,516	0,47	0,04
490,601	0,465	0,04
490,7	0,47	0,045
490,8	0,47	0,04
490,899	0,47	0,04
491	0,465	0,04
491,099	0,47	0,04
491,2	0,465	0,04
491,3	0,47	0,04
491,4	0,47	0,04
491,5	0,47	0,04
491,6	0,465	0,045
491,7	0,465	0,04
491,8	0,47	0,04
491,9	0,475	0,04
492,034	0,465	0,045
492,1	0,465	0,045
492,2	0,465	0,04
492,3	0,47	0,04
492,408	0,465	0,04
492,5	0,47	0,045
492,6	0,47	0,04
492,7	0,465	0,04
492,8	0,465	0,04
492,899	0,47	0,04
492,999	0,465	0,04
493,1	0,47	0,04
493,2	0,465	0,04
493,3	0,465	0,04
493,4	0,465	0,045
493,5	0,465	0,04
493,6	0,465	0,04
493,7	0,46	0,04
493,8	0,465	0,04
493,9	0,465	0,04
493,999	0,465	0,04
494,099	0,47	0,04
494,2	0,46	0,04
494,3	0,465	0,045
494,399	0,46	0,04
494,5	0,465	0,04
494,6	0,465	0,04
494,7	0,46	0,04
494,8	0,465	0,04
494,9	0,465	0,04
495,272	0,465	0,04
495,288	0,465	0,04
495,672	0,46	0,04
495,73	0,46	0,04
495,745	0,46	0,045
495,756	0,47	0,04
495,833	0,465	0,04
495,848	0,465	0,045
495,86	0,465	0,04
495,919	0,46	0,04
496,001	0,465	0,04
496,099	0,46	0,04
496,234	0,465	0,04
496,301	0,47	0,04
496,401	0,46	0,04
496,508	0,465	0,04
496,601	0,46	0,04
496,783	0,465	0,04
496,863	0,465	0,04
496,9	0,465	0,04
497,001	0,46	0,04
497,101	0,46	0,04
497,2	0,46	0,045
497,301	0,465	0,04
497,401	0,46	0,045
497,551	0,465	0,04
497,601	0,46	0,04
497,701	0,46	0,045
497,801	0,46	0,04
498,01	0,465	0,04
498,086	0,46	0,04
498,116	0,46	0,04
498,2	0,46	0,04
498,301	0,465	0,04
498,4	0,46	0,04
498,501	0,455	0,04
498,601	0,46	0,045
498,7	0,455	0,04
498,8	0,46	0,04
498,9	0,46	0,04
499,006	0,46	0,04
499,1	0,46	0,045
499,2	0,46	0,045
499,3	0,46	0,04
499,4	0,465	0,045
499,568	0,46	0,04
499,799	0,46	0,04
499,882	0,46	0,04
499,924	0,455	0,04
499,985	0,455	0,04
500	0,46	0,04
500,1	0,46	0,04
500,2	0,46	0,045
500,3	0,455	0,04
500,4	0,46	0,04
500,5	0,455	0,045
500,641	0,46	0,04
500,7	0,46	0,045
500,8	0,455	0,04
500,9	0,46	0,04
501,001	0,46	0,04
501,101	0,455	0,04
501,2	0,46	0,045
501,3	0,46	0,04
501,4	0,46	0,04
501,5	0,46	0,04
501,6	0,455	0,04
501,7	0,455	0,04
501,8	0,46	0,045
501,9	0,46	0,04
502	0,46	0,04
502,1	0,455	0,04
502,2	0,455	0,04
502,3	0,455	0,04
502,4	0,455	0,04
502,5	0,455	0,04
502,6	0,455	0,04
502,712	0,455	0,04
502,801	0,455	0,04
502,901	0,455	0,045
503	0,45	0,045
503,1	0,455	0,04
503,2	0,455	0,04
503,3	0,455	0,045
503,455	0,455	0,04
503,5	0,455	0,04
503,6	0,46	0,04
503,7	0,455	0,04
503,814	0,455	0,045
503,919	0,455	0,045
504,028	0,46	0,045
504,1	0,455	0,04
504,2	0,455	0,04
504,3	0,455	0,04
504,42	0,455	0,04
504,5	0,455	0,04
504,6	0,455	0,04
504,7	0,455	0,045
504,8	0,455	0,04
504,9	0,455	0,04
505,01	0,455	0,045
505,117	0,45	0,045
505,2	0,45	0,045
505,3	0,455	0,04
505,4	0,45	0,04
505,5	0,455	0,04
505,6	0,455	0,04
505,7	0,455	0,04
505,8	0,455	0,04
505,9	0,455	0,04
506	0,455	0,04
506,1	0,455	0,04
506,201	0,45	0,04
506,3	0,455	0,04
506,4	0,45	0,04
506,5	0,455	0,045
506,6	0,45	0,04
506,749	0,455	0,04
506,8	0,45	0,04
506,9	0,455	0,04
507	0,455	0,04
507,1	0,45	0,04
507,2	0,455	0,04
507,301	0,45	0,04
507,4	0,45	0,04
507,5	0,45	0,045
507,622	0,455	0,04
507,728	0,45	0,045
507,8	0,45	0,04
507,9	0,45	0,04
508	0,45	0,04
508,126	0,455	0,04
508,2	0,45	0,04
508,3	0,45	0,045
508,4	0,45	0,04
508,5	0,455	0,04
508,6	0,45	0,04
508,711	0,45	0,04
508,8	0,45	0,04
508,926	0,445	0,04
509	0,45	0,045
509,1	0,45	0,04
509,249	0,45	0,045
509,382	0,45	0,04
509,467	0,45	0,04
509,5	0,45	0,045
509,6	0,45	0,045
509,7	0,45	0,04
509,803	0,45	0,04
509,9	0,45	0,04
510,001	0,45	0,045
510,1	0,45	0,04
510,2	0,45	0,04
510,3	0,45	0,04
510,4	0,45	0,045
510,5	0,45	0,04
510,6	0,445	0,04
510,7	0,445	0,04
510,82	0,45	0,04
510,9	0,445	0,04
511	0,45	0,04
511,104	0,45	0,04
511,2	0,45	0,04
511,3	0,45	0,045
511,401	0,45	0,04
511,532	0,445	0,04
511,6	0,445	0,045
511,7	0,45	0,045
511,8	0,45	0,04
511,943	0,445	0,04
512	0,45	0,04
512,1	0,45	0,04
512,2	0,445	0,04
512,3	0,445	0,04
512,401	0,445	0,04
512,501	0,45	0,045
512,6	0,445	0,04
512,7	0,45	0,04
512,801	0,45	0,04
512,901	0,445	0,04
513,023	0,445	0,04
513,101	0,45	0,04
513,201	0,445	0,04
513,301	0,445	0,045
513,454	0,45	0,04
513,501	0,445	0,04
513,605	0,445	0,04
513,701	0,45	0,045
513,801	0,445	0,04
513,901	0,45	0,04
514,04	0,445	0,04
514,101	0,445	0,04
514,201	0,445	0,04
514,301	0,445	0,04
514,401	0,45	0,04
514,501	0,445	0,04
514,601	0,45	0,045
514,701	0,445	0,04
514,801	0,445	0,04
514,901	0,445	0,04
515,001	0,445	0,04
515,101	0,445	0,04
515,201	0,445	0,04
515,329	0,445	0,04
515,401	0,445	0,04
515,501	0,44	0,04
515,6	0,44	0,04
515,701	0,445	0,04
515,8	0,44	0,04
515,901	0,445	0,04
516,001	0,445	0,04
516,101	0,445	0,04
516,201	0,45	0,04
516,312	0,445	0,04
516,401	0,445	0,04
516,521	0,445	0,04
516,601	0,44	0,04
516,701	0,445	0,04
516,801	0,445	0,04
516,901	0,445	0,04
517,001	0,445	0,04
517,101	0,445	0,04
517,201	0,445	0,045
517,303	0,445	0,04
517,401	0,445	0,04
517,501	0,44	0,04
517,601	0,44	0,04
517,701	0,44	0,04
517,801	0,44	0,045
517,901	0,44	0,045
518,001	0,44	0,04
518,101	0,44	0,04
518,201	0,44	0,04
518,301	0,44	0,04
518,41	0,44	0,04
518,501	0,44	0,04
518,601	0,44	0,04
518,7	0,445	0,04
518,865	0,44	0,045
518,914	0,445	0,045
519,001	0,445	0,04
519,101	0,44	0,04
519,23	0,44	0,04
519,301	0,445	0,04
519,401	0,44	0,04
519,501	0,44	0,04
519,601	0,44	0,04
519,701	0,44	0,04
519,801	0,44	0,04
519,901	0,44	0,045
520,007	0,44	0,04
520,101	0,445	0,045
520,201	0,44	0,04
520,301	0,44	0,04
520,401	0,445	0,04
520,501	0,435	0,045
520,601	0,44	0,04
520,727	0,435	0,04
520,8	0,44	0,04
520,901	0,44	0,04
521	0,44	0,04
521,1	0,44	0,04
521,2	0,44	0,04
521,3	0,44	0,04
521,4	0,44	0,04
521,5	0,435	0,045
521,601	0,44	0,045
521,7	0,44	0,04
521,827	0,44	0,04
521,9	0,445	0,04
522,03	0,44	0,04
522,1	0,435	0,04
522,201	0,44	0,04
522,301	0,44	0,04
522,401	0,44	0,04
522,5	0,44	0,04
522,601	0,44	0,04
522,7	0,435	0,04
522,801	0,44	0,04
522,9	0,44	0,04
523	0,44	0,04
523,1	0,435	0,04
523,2	0,44	0,045
523,3	0,435	0,04
523,4	0,44	0,045
523,5	0,44	0,045
523,6	0,435	0,04
523,7	0,44	0,045
523,8	0,44	0,045
523,9	0,44	0,04
524,003	0,44	0,04
524,1	0,435	0,04
524,2	0,44	0,04
524,3	0,435	0,045
524,4	0,435	0,04
524,5	0,435	0,045
524,653	0,44	0,04
524,7	0,435	0,04
524,8	0,44	0,045
524,9	0,435	0,04
525	0,435	0,045
525,1	0,435	0,04
525,2	0,44	0,04
525,3	0,435	0,04
525,4	0,43	0,04
525,5	0,44	0,04
525,6	0,435	0,04
525,7	0,435	0,045
525,8	0,435	0,04
525,9	0,435	0,04
526	0,435	0,04
526,1	0,435	0,04
526,2	0,435	0,04
526,299	0,435	0,045
526,399	0,435	0,04
526,5	0,435	0,04
526,599	0,435	0,045
526,7	0,435	0,04
526,8	0,43	0,04
526,9	0,435	0,045
527	0,435	0,04
527,1	0,435	0,04
527,199	0,435	0,04
527,3	0,435	0,04
527,573	0,43	0,04
527,589	0,435	0,04
527,601	0,43	0,045
527,7	0,435	0,04
527,8	0,435	0,04
527,9	0,435	0,045
528	0,435	0,04
