0.000000	151.200000	5.450000E-5
1.000000	3.680000	7.500000E-6
2.000000	2.096000	2.000000E-6
3.000000	1.781000	2.600000E-6
4.000000	1.512000	2.600000E-6
5.000000	1.357000	1.600000E-6
6.000000	2.997000	5.300000E-6
7.000000	2.997000	5.300000E-6
8.000000	6.640000	1.060000E-5
9.000000	6.640000	1.060000E-5
10.000000	9.540000	1.690000E-5
11.000000	10.480000	1.670000E-5
12.000000	10.480000	1.670000E-5
13.000000	11.330000	1.700000E-5
14.000000	11.330000	1.700000E-5
15.000000	8.720000	1.610000E-5
16.000000	6.900000	1.500000E-5
17.000000	6.900000	1.500000E-5
18.000000	3.570000	8.200000E-6
19.000000	1.723000	2.900000E-6
20.000000	2.798000	4.600000E-6
21.000000	8.240000	9.100000E-6
22.000000	5.350000	9.100000E-6
23.000000	7.300000	1.310000E-5
24.000000	8.150000	1.370000E-5
25.000000	9.280000	1.450000E-5
26.000000	10.250000	1.660000E-5
27.000000	11.750000	1.630000E-5
28.000000	11.750000	1.630000E-5
29.000000	13.890000	1.780000E-5
30.000000	15.220000	1.740000E-5
31.000000	16.440000	1.780000E-5
32.000000	17.570000	1.850000E-5
33.000000	18.590000	1.910000E-5
34.000000	18.590000	1.910000E-5
35.000000	20.630000	2.130000E-5
36.000000	21.670000	2.070000E-5
37.000000	23.010000	1.980000E-5
38.000000	23.580000	1.920000E-5
39.000000	24.530000	1.960000E-5
40.000000	24.530000	1.960000E-5
41.000000	25.210000	1.990000E-5
42.000000	27.490000	1.970000E-5
43.000000	28.370000	2.000000E-5
44.000000	29.880000	2.090000E-5
45.000000	31.460000	2.040000E-5
46.000000	33.260000	2.080000E-5
47.000000	34.020000	2.120000E-5
48.000000	34.020000	2.120000E-5
49.000000	36.350000	1.970000E-5
50.000000	36.350000	1.970000E-5
52.000000	41.700000	2.130000E-5
53.000000	41.700000	2.130000E-5
54.000000	41.800000	2.210000E-5
55.000000	43.000000	2.230000E-5
56.000000	40.500000	2.250000E-5
57.000000	39.200000	2.020000E-5
58.000000	38.100000	2.230000E-5
59.000000	41.500000	2.240000E-5
60.000000	41.700000	2.270000E-5
61.000000	42.600000	2.290000E-5
62.000000	43.900000	2.270000E-5
63.000000	45.400000	2.300000E-5
64.000000	45.400000	2.300000E-5
65.000000	48.500000	2.410000E-5
66.000000	50.000000	2.400000E-5
67.000000	50.900000	2.400000E-5
68.000000	51.800000	2.420000E-5
69.000000	52.200000	2.470000E-5
70.000000	52.900000	2.450000E-5
71.000000	53.800000	2.400000E-5
72.000000	54.900000	2.390000E-5
73.000000	56.100000	2.440000E-5
74.000000	56.900000	2.540000E-5
75.000000	58.100000	2.550000E-5
76.000000	58.800000	2.450000E-5
77.000000	60.000000	2.480000E-5
78.000000	61.500000	2.550000E-5
79.000000	62.200000	2.570000E-5
80.000000	63.400000	2.590000E-5
81.000000	64.700000	2.620000E-5
82.000000	65.700000	2.640000E-5
83.000000	66.900000	2.690000E-5
84.000000	67.500000	2.750000E-5
85.000000	68.700000	2.720000E-5
86.000000	69.500000	2.720000E-5
87.000000	70.200000	2.710000E-5
88.000000	71.400000	2.730000E-5
89.000000	72.000000	2.730000E-5
90.000000	72.900000	2.720000E-5
91.000000	72.900000	2.720000E-5
92.000000	72.100000	2.780000E-5
93.000000	70.600000	2.770000E-5
94.000000	69.700000	2.720000E-5
95.000000	74.100000	2.750000E-5
96.000000	77.200000	2.820000E-5
97.000000	78.000000	2.840000E-5
98.000000	80.400000	2.840000E-5
99.000000	81.400000	2.880000E-5
100.000000	82.400000	2.850000E-5
101.000000	82.400000	2.850000E-5
102.000000	85.000000	2.880000E-5
103.000000	85.800000	2.900000E-5
104.000000	86.400000	2.920000E-5
105.000000	86.400000	2.920000E-5
106.000000	87.100000	2.980000E-5
107.000000	88.200000	2.980000E-5
108.000000	88.900000	2.970000E-5
109.000000	88.900000	2.970000E-5
110.000000	90.400000	3.030000E-5
111.000000	91.700000	3.200000E-5
112.000000	92.600000	3.110000E-5
113.000000	93.200000	3.130000E-5
114.000000	93.500000	3.080000E-5
115.000000	93.700000	3.020000E-5
116.000000	93.700000	3.020000E-5
117.000000	94.500000	3.080000E-5
118.000000	95.700000	3.020000E-5
119.000000	97.100000	3.060000E-5
120.000000	98.000000	3.080000E-5
121.000000	98.000000	3.080000E-5
122.000000	99.800000	3.080000E-5
123.000000	100.800000	3.140000E-5
124.000000	101.700000	3.160000E-5
125.000000	102.600000	3.160000E-5
126.000000	102.600000	3.160000E-5
127.000000	105.500000	3.190000E-5
128.000000	106.600000	3.320000E-5
129.000000	107.700000	3.280000E-5
130.000000	108.500000	3.240000E-5
131.000000	109.100000	3.230000E-5
132.000000	109.100000	3.230000E-5
133.000000	110.400000	3.280000E-5
134.000000	111.900000	3.290000E-5
135.000000	111.900000	3.290000E-5
136.000000	114.500000	3.290000E-5
137.000000	114.900000	3.280000E-5
138.000000	116.400000	3.310000E-5
139.000000	116.400000	3.310000E-5
140.000000	117.700000	3.380000E-5
141.000000	117.700000	3.380000E-5
142.000000	120.800000	3.390000E-5
143.000000	120.800000	3.370000E-5
144.000000	120.800000	3.370000E-5
145.000000	120.800000	3.370000E-5
146.000000	122.800000	3.480000E-5
147.000000	122.800000	3.480000E-5
148.000000	122.800000	3.480000E-5
149.000000	127.700000	3.460000E-5
150.000000	127.700000	3.460000E-5
151.000000	131.200000	3.560000E-5
152.000000	131.200000	3.560000E-5
153.000000	131.300000	3.570000E-5
154.000000	131.300000	3.570000E-5
155.000000	133.200000	3.590000E-5
156.000000	133.700000	3.610000E-5
157.000000	134.300000	3.610000E-5
158.000000	135.900000	3.650000E-5
159.000000	135.900000	3.650000E-5
160.000000	137.500000	3.600000E-5
161.000000	139.300000	3.650000E-5
162.000000	139.300000	3.650000E-5
163.000000	146.800000	3.740000E-5
164.000000	146.800000	3.740000E-5
165.000000	149.600000	3.800000E-5
166.000000	18.380000	1.860000E-5
167.000000	4.560000	9.400000E-6
168.000000	4.210000	8.900000E-6
169.000000	6.270000	1.170000E-5
170.000000	7.960000	1.450000E-5
171.000000	9.800000	1.510000E-5
172.000000	3.860000	8.400000E-6
173.000000	1.927000	5.300000E-6
174.000000	1.183000	1.900000E-6
175.000000	-0.306700	-2.000000E-6
176.000000	-0.563000	-2.100000E-6
177.000000	-0.585000	-2.300000E-6
178.000000	-0.605000	-2.500000E-6
179.000000	-1.865000	-4.700000E-6
180.000000	-3.368000	-5.300000E-6
181.000000	-5.120000	-7.700000E-6
182.000000	-5.120000	-7.700000E-6
183.000000	-7.640000	-9.500000E-6
184.000000	-7.640000	-9.500000E-6
185.000000	-9.280000	-1.030000E-5
186.000000	-9.940000	-1.060000E-5
187.000000	-10.640000	-1.090000E-5
188.000000	-11.840000	-1.110000E-5
189.000000	-13.050000	-1.140000E-5
190.000000	-13.440000	-1.160000E-5
191.000000	-14.400000	-1.170000E-5
192.000000	-15.400000	-1.190000E-5
193.000000	-16.470000	-1.220000E-5
194.000000	-17.210000	-1.240000E-5
195.000000	-18.540000	-1.260000E-5
196.000000	-19.800000	-1.290000E-5
197.000000	-21.100000	-1.310000E-5
198.000000	-22.590000	-1.350000E-5
199.000000	-23.820000	-1.370000E-5
200.000000	-23.820000	-1.370000E-5
201.000000	-26.530000	-1.410000E-5
202.000000	-27.860000	-1.430000E-5
203.000000	-29.240000	-1.460000E-5
204.000000	-30.620000	-1.490000E-5
205.000000	-30.620000	-1.490000E-5
206.000000	-32.830000	-1.530000E-5
207.000000	-35.240000	-1.560000E-5
208.000000	-37.000000	-1.600000E-5
209.000000	-39.020000	-1.630000E-5
210.000000	-39.020000	-1.630000E-5
211.000000	-41.300000	-1.680000E-5
212.000000	-41.300000	-1.680000E-5
213.000000	-43.400000	-1.720000E-5
214.000000	-44.800000	-1.750000E-5
215.000000	-48.900000	-1.790000E-5
216.000000	-49.500000	-1.830000E-5
217.000000	-50.800000	-1.850000E-5
218.000000	-52.200000	-1.870000E-5
219.000000	-52.200000	-1.870000E-5
220.000000	-53.800000	-1.900000E-5
221.000000	-55.100000	-1.920000E-5
222.000000	-58.300000	-1.940000E-5
223.000000	-59.100000	-1.970000E-5
224.000000	-62.400000	-2.010000E-5
225.000000	-63.300000	-2.050000E-5
226.000000	-66.900000	-2.080000E-5
227.000000	-67.500000	-2.110000E-5
228.000000	-70.600000	-2.140000E-5
229.000000	-72.800000	-2.170000E-5
230.000000	-73.500000	-2.200000E-5
231.000000	-75.900000	-2.230000E-5
232.000000	-77.700000	-2.260000E-5
233.000000	-80.100000	-2.290000E-5
234.000000	-81.300000	-2.310000E-5
235.000000	-83.000000	-2.340000E-5
236.000000	-84.400000	-2.370000E-5
237.000000	-85.400000	-2.380000E-5
238.000000	-86.200000	-2.390000E-5
239.000000	-87.900000	-2.410000E-5
240.000000	-88.900000	-2.430000E-5
241.000000	-90.400000	-2.440000E-5
242.000000	-91.400000	-2.460000E-5
243.000000	-92.800000	-2.480000E-5
244.000000	-94.900000	-2.510000E-5
245.000000	-96.400000	-2.530000E-5
246.000000	-98.200000	-2.560000E-5
247.000000	-98.200000	-2.560000E-5
248.000000	-100.700000	-2.590000E-5
249.000000	-103.400000	-2.610000E-5
250.000000	-104.100000	-2.630000E-5
251.000000	-105.300000	-2.660000E-5
252.000000	-107.500000	-2.680000E-5
253.000000	-109.200000	-2.700000E-5
254.000000	-110.800000	-2.730000E-5
255.000000	-112.900000	-2.760000E-5
256.000000	-114.200000	-2.780000E-5
257.000000	-116.300000	-2.810000E-5
258.000000	-117.800000	-2.840000E-5
259.000000	-119.100000	-2.860000E-5
260.000000	-119.100000	-2.860000E-5
261.000000	-121.500000	-2.890000E-5
262.000000	-123.200000	-2.910000E-5
263.000000	-123.200000	-2.910000E-5
264.000000	-125.400000	-2.940000E-5
265.000000	-126.700000	-2.960000E-5
266.000000	-128.000000	-2.980000E-5
267.000000	-129.400000	-3.000000E-5
268.000000	-131.300000	-3.030000E-5
269.000000	-132.900000	-3.050000E-5
270.000000	-135.700000	-3.080000E-5
271.000000	-137.700000	-3.110000E-5
272.000000	-137.700000	-3.110000E-5
273.000000	-139.800000	-3.150000E-5
274.000000	-141.100000	-3.170000E-5
275.000000	-142.700000	-3.200000E-5
