0.000000	-3.490000	6.300000E-6
1.000000	-0.802000	8.000000E-7
2.000000	-0.793000	9.000000E-7
3.000000	-0.792000	9.000000E-7
4.000000	-0.792000	9.000000E-7
5.000000	-3.269000	-7.500000E-6
6.000000	-5.500000	-1.170000E-5
7.000000	-8.290000	-1.410000E-5
8.000000	-10.370000	-1.470000E-5
9.000000	-13.980000	-1.570000E-5
10.000000	-9.520000	-1.580000E-5
11.000000	-4.680000	-1.060000E-5
12.000000	-1.497000	-3.900000E-6
13.000000	-1.216000	-1.100000E-6
14.000000	-1.216000	-1.100000E-6
15.000000	-7.500000	-8.600000E-6
16.000000	-5.830000	-1.240000E-5
17.000000	-8.140000	-1.310000E-5
18.000000	-10.930000	-1.490000E-5
19.000000	-11.900000	-1.570000E-5
20.000000	-15.360000	-1.660000E-5
21.000000	-16.860000	-1.760000E-5
22.000000	-18.910000	-1.830000E-5
23.000000	-20.990000	-1.900000E-5
24.000000	-22.500000	-1.960000E-5
25.000000	-23.950000	-2.010000E-5
26.000000	-25.600000	-2.060000E-5
27.000000	-26.910000	-2.130000E-5
28.000000	-28.370000	-2.170000E-5
29.000000	-29.700000	-2.200000E-5
30.000000	-31.820000	-2.240000E-5
31.000000	-33.820000	-2.300000E-5
32.000000	-36.390000	-2.370000E-5
33.000000	-38.370000	-2.440000E-5
34.000000	-27.800000	-2.370000E-5
35.000000	-15.770000	-1.770000E-5
36.000000	-15.770000	-1.770000E-5
37.000000	-4.530000	-8.700000E-6
38.000000	-1.662000	-2.800000E-6
39.000000	-1.082000	-1.200000E-6
40.000000	-3.496000	-8.200000E-6
41.000000	-10.340000	-1.060000E-5
42.000000	-6.690000	-1.170000E-5
43.000000	-5.160000	-1.090000E-5
44.000000	-1.503000	-3.000000E-6
45.000000	-1.069000	-9.000000E-7
46.000000	-9.350000	-1.240000E-5
47.000000	-9.350000	-1.240000E-5
48.000000	-13.350000	-1.460000E-5
49.000000	-16.880000	-1.650000E-5
50.000000	-20.050000	-1.790000E-5
51.000000	-22.560000	-1.900000E-5
52.000000	-23.990000	-1.990000E-5
53.000000	-25.920000	-2.060000E-5
54.000000	-28.240000	-2.120000E-5
55.000000	-30.630000	-2.190000E-5
56.000000	-32.890000	-2.280000E-5
57.000000	-35.350000	-2.350000E-5
58.000000	-37.800000	-2.410000E-5
59.000000	-73.800000	-2.490000E-5
60.000000	-42.000000	-2.570000E-5
61.000000	-44.700000	-2.640000E-5
62.000000	-45.700000	-2.690000E-5
63.000000	-44.500000	-2.690000E-5
64.000000	-46.900000	-2.690000E-5
65.000000	-49.400000	-2.740000E-5
66.000000	-49.400000	-2.780000E-5
67.000000	-50.600000	-2.820000E-5
68.000000	-53.700000	-2.900000E-5
69.000000	-53.700000	-2.900000E-5
70.000000	-58.000000	-2.980000E-5
71.000000	-60.500000	-3.030000E-5
72.000000	-61.600000	-3.100000E-5
73.000000	-67.500000	-3.180000E-5
74.000000	-69.800000	-3.260000E-5
75.000000	-71.900000	-3.320000E-5
76.000000	-73.100000	-3.380000E-5
77.000000	-74.500000	-3.420000E-5
78.000000	-76.500000	-3.460000E-5
79.000000	-78.000000	-3.510000E-5
80.000000	-82.400000	-3.560000E-5
81.000000	-86.900000	-3.630000E-5
82.000000	-86.900000	-3.700000E-5
83.000000	-88.200000	-3.760000E-5
84.000000	-85.600000	-3.740000E-5
85.000000	-84.500000	-3.680000E-5
86.000000	-81.700000	-3.630000E-5
87.000000	-79.800000	-3.580000E-5
88.000000	-77.400000	-3.530000E-5
89.000000	-76.200000	-3.490000E-5
90.000000	-80.100000	-3.520000E-5
91.000000	-83.900000	-3.630000E-5
92.000000	-91.500000	-3.750000E-5
93.000000	-97.100000	-3.880000E-5
94.000000	-98.900000	-3.970000E-5
95.000000	-96.500000	-4.000000E-5
96.000000	-96.500000	-4.000000E-5
97.000000	-95.400000	-3.950000E-5
98.000000	-95.400000	-3.950000E-5
99.000000	-92.200000	-3.880000E-5
100.000000	-92.200000	-3.880000E-5
101.000000	-87.100000	-3.800000E-5
102.000000	-83.800000	-3.740000E-5
103.000000	-87.900000	-3.730000E-5
104.000000	-92.900000	-3.810000E-5
105.000000	-95.800000	-3.910000E-5
106.000000	-99.000000	-3.980000E-5
107.000000	-101.600000	-4.040000E-5
108.000000	-102.500000	-4.080000E-5
109.000000	-106.700000	-4.130000E-5
110.000000	-106.600000	-4.170000E-5
111.000000	-108.900000	-4.200000E-5
112.000000	-110.100000	-4.250000E-5
113.000000	-112.100000	-4.290000E-5
114.000000	-113.700000	-4.330000E-5
115.000000	-115.900000	-4.370000E-5
116.000000	-119.000000	-4.410000E-5
117.000000	-119.700000	-4.450000E-5
118.000000	-122.000000	-4.490000E-5
119.000000	-122.000000	-4.490000E-5
120.000000	-124.100000	-4.510000E-5
121.000000	-124.700000	-4.550000E-5
122.000000	-126.800000	-4.580000E-5
123.000000	-128.200000	-4.620000E-5
124.000000	-130.200000	-4.660000E-5
125.000000	-133.300000	-4.710000E-5
126.000000	-137.000000	-4.760000E-5
127.000000	-138.200000	-4.820000E-5
128.000000	-142.300000	-4.870000E-5
129.000000	-144.700000	-4.920000E-5
130.000000	-147.900000	-4.970000E-5
131.000000	-150.500000	-5.010000E-5
132.000000	0.996000	8.200000E-6
133.000000	0.876000	7.600000E-6
134.000000	0.711000	7.000000E-6
135.000000	0.643000	6.500000E-6
136.000000	1.168000	9.100000E-6
137.000000	2.612000	1.240000E-5
138.000000	3.182000	1.290000E-5
139.000000	3.938000	1.430000E-5
140.000000	3.220000	1.500000E-5
141.000000	1.784000	1.040000E-5
142.000000	3.562000	1.510000E-5
143.000000	4.640000	1.560000E-5
144.000000	6.080000	1.710000E-5
145.000000	7.600000	1.860000E-5
146.000000	7.600000	1.860000E-5
147.000000	9.930000	1.990000E-5
148.000000	11.190000	2.040000E-5
149.000000	11.820000	2.110000E-5
150.000000	12.560000	2.150000E-5
151.000000	13.870000	2.190000E-5
152.000000	14.880000	2.230000E-5
153.000000	17.350000	2.280000E-5
154.000000	18.720000	2.370000E-5
155.000000	20.980000	2.450000E-5
156.000000	20.980000	2.450000E-5
157.000000	21.380000	2.530000E-5
158.000000	24.510000	2.560000E-5
159.000000	26.250000	2.620000E-5
160.000000	27.540000	2.700000E-5
161.000000	29.180000	2.740000E-5
162.000000	30.630000	2.790000E-5
163.000000	30.630000	2.790000E-5
164.000000	33.430000	2.880000E-5
165.000000	34.840000	2.920000E-5
166.000000	36.650000	2.960000E-5
167.000000	39.430000	3.020000E-5
168.000000	73.300000	3.100000E-5
169.000000	73.300000	3.100000E-5
170.000000	44.200000	3.220000E-5
171.000000	46.200000	3.280000E-5
172.000000	47.100000	3.310000E-5
173.000000	48.400000	3.330000E-5
174.000000	48.400000	3.330000E-5
175.000000	50.600000	3.380000E-5
176.000000	51.800000	3.430000E-5
177.000000	53.600000	3.490000E-5
178.000000	58.500000	3.540000E-5
179.000000	58.500000	3.540000E-5
180.000000	59.000000	3.620000E-5
181.000000	59.000000	3.620000E-5
182.000000	59.000000	3.620000E-5
183.000000	59.000000	3.620000E-5
184.000000	66.700000	3.760000E-5
185.000000	66.700000	3.760000E-5
186.000000	72.100000	3.870000E-5
187.000000	72.100000	3.870000E-5
188.000000	72.100000	3.870000E-5
189.000000	72.100000	3.870000E-5
190.000000	80.400000	4.130000E-5
191.000000	83.300000	4.160000E-5
192.000000	85.600000	4.220000E-5
193.000000	89.200000	4.290000E-5
194.000000	89.200000	4.290000E-5
195.000000	89.200000	4.290000E-5
196.000000	89.200000	4.290000E-5
197.000000	89.200000	4.290000E-5
198.000000	101.600000	4.530000E-5
199.000000	101.600000	4.530000E-5
200.000000	101.600000	4.530000E-5
201.000000	101.600000	4.530000E-5
202.000000	97.100000	4.670000E-5
203.000000	92.200000	4.530000E-5
204.000000	92.200000	4.530000E-5
205.000000	92.200000	4.530000E-5
206.000000	92.200000	4.530000E-5
207.000000	111.400000	4.640000E-5
208.000000	114.700000	4.810000E-5
209.000000	114.700000	4.810000E-5
210.000000	114.700000	4.810000E-5
211.000000	120.400000	4.980000E-5
212.000000	121.100000	5.000000E-5
213.000000	121.100000	5.000000E-5
214.000000	129.100000	5.090000E-5
215.000000	126.700000	5.120000E-5
216.000000	127.000000	5.120000E-5
217.000000	127.000000	5.120000E-5
218.000000	122.600000	5.090000E-5
219.000000	122.600000	5.090000E-5
220.000000	118.400000	5.020000E-5
221.000000	116.000000	4.960000E-5
222.000000	116.000000	4.960000E-5
223.000000	110.500000	4.850000E-5
224.000000	106.900000	4.780000E-5
225.000000	104.700000	4.700000E-5
226.000000	103.500000	4.660000E-5
227.000000	103.500000	4.660000E-5
228.000000	103.500000	4.660000E-5
229.000000	98.800000	4.580000E-5
230.000000	98.800000	4.580000E-5
231.000000	94.600000	4.490000E-5
232.000000	94.600000	4.490000E-5
233.000000	94.600000	4.490000E-5
234.000000	88.300000	4.350000E-5
235.000000	88.300000	4.350000E-5
236.000000	88.300000	4.350000E-5
237.000000	78.300000	4.190000E-5
238.000000	78.300000	4.190000E-5
239.000000	84.900000	4.170000E-5
240.000000	81.200000	4.210000E-5
241.000000	76.900000	4.140000E-5
242.000000	76.900000	4.140000E-5
243.000000	75.500000	4.060000E-5
244.000000	73.800000	4.020000E-5
245.000000	65.700000	3.890000E-5
246.000000	65.300000	3.800000E-5
247.000000	65.300000	3.800000E-5
248.000000	60.400000	3.700000E-5
249.000000	60.400000	3.700000E-5
250.000000	82.500000	4.220000E-5
251.000000	86.100000	4.260000E-5
252.000000	86.100000	4.260000E-5
253.000000	92.300000	4.390000E-5
254.000000	96.200000	4.460000E-5
255.000000	96.200000	4.460000E-5
256.000000	104.200000	4.590000E-5
257.000000	104.200000	4.590000E-5
258.000000	112.500000	4.760000E-5
259.000000	112.500000	4.760000E-5
260.000000	119.800000	4.900000E-5
261.000000	123.000000	4.980000E-5
262.000000	123.000000	5.040000E-5
263.000000	124.600000	5.090000E-5
264.000000	127.700000	5.140000E-5
265.000000	127.700000	5.140000E-5
266.000000	132.600000	5.190000E-5
267.000000	137.300000	5.330000E-5
268.000000	145.300000	5.410000E-5
269.000000	149.600000	5.510000E-5
270.000000	149.600000	5.510000E-5
271.000000	148.000000	5.560000E-5
